MIN_X -70
MAX_X 70
MIN_Y -35
MAX_Y 35
100
40.00 0.00 -35.0
32.36 11.76 -35.0
12.36 19.02 -35.0 -12.36 19.02 -35.0
-32.36 11.76 -35.0
-40.00 0.00 -35.0
-32.36 -11.76 -35.0
-12.36 -19.02 -35.0
12.36 -19.02 -35.0
32.36 -11.76 -35.0
39.13 8.32 -27.2
27.53 18.43 -27.2
5.14 22.13 -27.2
-18.33 16.51 -27.2
-35.05 5.51 -27.2
-38.27 -11.45 -27.2
-25.01 -21.67 -27.2
-1.92 -22.68 -27.2
21.16 -14.93 -27.2
36.57 -1.63 -27.2
36.57 16.29 -19.4
19.02 24.32 -19.4
-4.18 22.36 -19.4
-25.75 11.02 -19.4
-38.04 -7.21 -19.4
-34.64 -22.51 -19.4
-16.11 -28.18 -19.4
9.08 -23.11 -19.4
29.54 -10.05 -19.4
39.54 6.31 -19.4
32.36 23.51 -11.6
8.32 29.81 -11.6
-16.29 25.16 -11.6
-34.34 9.19 -11.6
-39.13 -11.45 -11.6
-27.53 -26.31 -11.6
-5.14 -31.59 -11.6
18.33 -23.57 -11.6
35.05 -7.87 -11.6
38.27 16.35 -11.6
25.01 29.53 -3.8
-4.18 31.06 -3.8
-27.53 22.53 -3.8
-39.54 1.39 -3.8
-36.57 -20.35 -3.8
-19.02 -32.36 -3.8
4.18 -31.06 -3.8
25.75 -17.06 -3.8
38.04 0.00 -3.8
34.64 19.02 -3.8
16.11 32.36 3.8
-9.08 30.05 3.8
-29.54 14.35 3.8
-39.54 -8.64 3.8
-32.36 -27.53 3.8
-8.32 -34.82 3.8
16.29 -25.16 3.8
34.34 -5.51 3.8
39.13 16.35 3.8
27.53 31.59 3.8
5.14 34.00 11.6
-18.33 26.51 11.6
-35.05 10.32 11.6
-38.27 -13.51 11.6
-25.01 -31.67 11.6
1.92 -34.68 11.6
25.01 -21.67 11.6
38.27 2.13 11.6
35.05 24.51 11.6
18.33 34.57 11.6
-5.14 32.13 19.4
-27.53 18.43 19.4
-39.13 -4.32 19.4
-32.36 -25.76 19.4
-12.36 -34.02 19.4
12.36 -34.02 19.4
32.36 -21.76 19.4
40.00 0.00 19.4
32.36 21.76 19.4
12.36 34.02 19.4
-12.36 34.02 27.2
-32.36 21.76 27.2
-40.00 0.00 27.2
-32.36 -21.76 27.2
-12.36 -34.02 27.2
12.36 -34.02 27.2
32.36 -21.76 27.2
40.00 0.00 27.2
32.36 21.76 27.2
12.36 34.02 27.2
0.00 35.00 35.0
-20.57 28.31 35.0
-33.28 10.81 35.0
-33.28 -10.81 35.0
-20.57 -28.31 35.0
0.00 -35.00 35.0
20.57 -28.31 35.0
33.28 -10.81 35.0
33.28 10.81 35.0
20.57 28.31 35.0
300
0 1 1 2 2 3 3 4 4 5 5 6 6 7 7 8 8 9 9 0
10 11 11 12 12 13 13 14 14 15 15 16 16 17 17 18 18 19 19 10
20 21 21 22 22 23 23 24 24 25 25 26 26 27 27 28 28 29 29 20
30 31 31 32 32 33 33 34 34 35 35 36 36 37 37 38 38 39 39 30
40 41 41 42 42 43 43 44 44 45 45 46 46 47 47 48 48 49 49 40
50 51 51 52 52 53 53 54 54 55 55 56 56 57 57 58 58 59 59 50
60 61 61 62 62 63 63 64 64 65 65 66 66 67 67 68 68 69 69 60
70 71 71 72 72 73 73 74 74 75 75 76 76 77 77 78 78 79 79 70
80 81 81 82 82 83 83 84 84 85 85 86 86 87 87 88 88 89 89 80
90 91 91 92 92 93 93 94 94 95 95 96 96 97 97 98 98 99 99 90
0 10 1 11 2 12 3 13 4 14 5 15 6 16 7 17 8 18 9 19
10 20 11 21 12 22 13 23 14 24 15 25 16 26 17 27 18 28 19 29
20 30 21 31 22 32 23 33 24 34 25 35 26 36 27 37 28 38 29 39
30 40 31 41 32 42 33 43 34 44 35 45 36 46 37 47 38 48 39 49
40 50 41 51 42 52 43 53 44 54 45 55 46 56 47 57 48 58 49 59
50 60 51 61 52 62 53 63 54 64 55 65 56 66 57 67 58 68 59 69
60 70 61 71 62 72 63 73 64 74 65 75 66 76 67 77 68 78 69 79
70 80 71 81 72 82 73 83 74 84 75 85 76 86 77 87 78 88 79 89
80 90 81 91 82 92 83 93 84 94 85 95 86 96 87 97 88 98 89 99
0 11 1 12 2 13 3 14 4 15 5 16 6 17 7 18 8 19 9 10
10 21 11 22 12 23 13 24 14 25 15 26 16 27 17 28 18 29 19 20
20 31 21 32 22 33 23 34 24 35 25 36 26 37 27 38 28 39 29 30
30 41 31 42 32 43 33 44 34 45 35 46 36 47 37 48 38 49 39 40
40 51 41 52 42 53 43 54 44 55 45 56 46 57 47 58 48 59 49 50
50 61 51 62 52 63 53 64 54 65 55 66 56 67 57 68 58 69 59 60
60 71 61 72 62 73 63 74 64 75 65 76 66 77 67 78 68 79 69 70
70 81 71 82 72 83 73 84 74 85 75 86 76 87 77 88 78 89 79 80
80 91 81 92 82 93 83 94 84 95 85 96 86 97 87 98 88 99 89 90