MIN_X -70
MAX_X 70
MIN_Y -35
MAX_Y 35
40
30.0 0.0 -35.0
28.2 10.3 -27.2
23.0 19.3 -19.4
15.0 26.0 -11.6
5.2 29.5 -3.8
-5.2 29.5 3.8
-15.0 26.0 11.6
-23.0 19.3 19.4
-28.2 10.3 27.2
-30.0 0.0 35.0
0.0 30.0 -35.0
-10.3 28.2 -27.2
-19.3 23.0 -19.4
-26.0 15.0 -11.6
-29.5 5.2 -3.8
-29.5 -5.2 3.8
-26.0 -15.0 11.6
-19.3 -23.0 19.4
-10.3 -28.2 27.2
0.0 -30.0 35.0
-30.0 0.0 -35.0
-28.2 -10.3 -27.2
-23.0 -19.3 -19.4
-15.0 -26.0 -11.6
-5.2 -29.5 -3.8
5.2 -29.5 3.8
15.0 -26.0 11.6
23.0 -19.3 19.4
28.2 -10.3 27.2
30.0 0.0 35.0
0.0 -30.0 -35.0
10.3 -28.2 -27.2
19.3 -23.0 -19.4
26.0 -15.0 -11.6
29.5 -5.2 -3.8
29.5 5.2 3.8
26.0 15.0 11.6
19.3 23.0 19.4
10.3 28.2 27.2
0.0 30.0 35.0
104
0 1
1 2
2 3
3 4
4 5
5 6
6 7
7 8
8 9
10 11
11 12
12 13
13 14
14 15
15 16
16 17
17 18
18 19
20 21
21 22
22 23
23 24
24 25
25 26
26 27
27 28
28 29
30 31
31 32
32 33
33 34
34 35
35 36
36 37
37 38
38 39
0 10
10 20
20 30
30 0
1 11
11 21
21 31
31 1
2 12
12 22
22 32
32 2
3 13
13 23
23 33
33 3
4 14
14 24
24 34
34 4
5 15
15 25
25 35
35 5
6 16
16 26
26 36
36 6
7 17
17 27
27 37
37 7
8 18
18 28
28 38
38 8
9 19
19 29
29 39
39 9
0 11
10 21
20 31
30 1
1 12
11 22
21 32
31 2
2 13
12 23
22 33
32 3
3 14
13 24
23 34
33 4
4 15
14 25
24 35
34 5
5 16
15 26
25 36
35 6
6 17
16 27
26 37
36 7
7 18
17 28
27 38
37 8
8 19
18 29
28 39
38 9