MIN_X -140
MAX_X 140
MIN_Y -80
MAX_Y 80
120
52.00 0.00 -70.0
45.04 26.00 -70.0
26.00 45.04 -70.0
0.00 52.00 -70.0
-26.00 45.04 -70.0
-45.04 26.00 -70.0
-52.00 0.00 -70.0
-45.04 -26.00 -70.0
-26.00 -45.04 -70.0
0.00 -52.00 -70.0
26.00 -45.04 -70.0
45.04 -26.00 -70.0
36.00 0.00 -35.0
31.18 18.00 -35.0
18.00 31.18 -35.0
0.00 36.00 -35.0
-18.00 31.18 -35.0
-31.18 18.00 -35.0
-36.00 0.00 -35.0
-31.18 -18.00 -35.0
-18.00 -31.18 -35.0
0.00 -36.00 -35.0
18.00 -31.18 -35.0
31.18 -18.00 -35.0
28.00 0.00 0.0
24.24 14.00 0.0
14.00 24.24 0.0
0.00 28.00 0.0
-14.00 24.24 0.0
-24.24 14.00 0.0
-28.00 0.00 0.0
-24.24 -14.00 0.0
-14.00 -24.24 0.0
0.00 -28.00 0.0
14.00 -24.24 0.0
24.24 -14.00 0.0
36.00 0.00 35.0
31.18 18.00 35.0
18.00 31.18 35.0
0.00 36.00 35.0
-18.00 31.18 35.0
-31.18 18.00 35.0
-36.00 0.00 35.0
-31.18 -18.00 35.0
-18.00 -31.18 35.0
0.00 -36.00 35.0
18.00 -31.18 35.0
31.18 -18.00 35.0
52.00 0.00 70.0
45.04 26.00 70.0
26.00 45.04 70.0
0.00 52.00 70.0
-26.00 45.04 70.0
-45.04 26.00 70.0
-52.00 0.00 70.0
-45.04 -26.00 70.0
-26.00 -45.04 70.0
0.00 -52.00 70.0
26.00 -45.04 70.0
45.04 -26.00 70.0
16.00 0.00 -70.0
13.86 8.00 -70.0
8.00 13.86 -70.0
0.00 16.00 -70.0
-8.00 13.86 -70.0
-13.86 8.00 -70.0
-16.00 0.00 -70.0
-13.86 -8.00 -70.0
-8.00 -13.86 -70.0
0.00 -16.00 -70.0
8.00 -13.86 -70.0
13.86 -8.00 -70.0
16.00 0.00 -35.0
13.86 8.00 -35.0
8.00 13.86 -35.0
0.00 16.00 -35.0
-8.00 13.86 -35.0
-13.86 8.00 -35.0
-16.00 0.00 -35.0
-13.86 -8.00 -35.0
-8.00 -13.86 -35.0
0.00 -16.00 -35.0
8.00 -13.86 -35.0
13.86 -8.00 -35.0
16.00 0.00 0.0
13.86 8.00 0.0
8.00 13.86 0.0
0.00 16.00 0.0
-8.00 13.86 0.0
-13.86 8.00 0.0
-16.00 0.00 0.0
-13.86 -8.00 0.0
-8.00 -13.86 0.0
0.00 -16.00 0.0
8.00 -13.86 0.0
13.86 -8.00 0.0
16.00 0.00 35.0
13.86 8.00 35.0
8.00 13.86 35.0
0.00 16.00 35.0
-8.00 13.86 35.0
-13.86 8.00 35.0
-16.00 0.00 35.0
-13.86 -8.00 35.0
-8.00 -13.86 35.0
0.00 -16.00 35.0
8.00 -13.86 35.0
13.86 -8.00 35.0
16.00 0.00 70.0
13.86 8.00 70.0
8.00 13.86 70.0
0.00 16.00 70.0
-8.00 13.86 70.0
-13.86 8.00 70.0
-16.00 0.00 70.0
-13.86 -8.00 70.0
-8.00 -13.86 70.0
0.00 -16.00 70.0
8.00 -13.86 70.0
13.86 -8.00 70.0
372
0 1 1 2 2 3 3 4 4 5 5 6 6 7 7 8 8 9 9 10 10 11 11 0
12 13 13 14 14 15 15 16 16 17 17 18 18 19 19 20 20 21 21 22 22 23 23 12
24 25 25 26 26 27 27 28 28 29 29 30 30 31 31 32 32 33 33 34 34 35 35 24
36 37 37 38 38 39 39 40 40 41 41 42 42 43 43 44 44 45 45 46 46 47 47 36
48 49 49 50 50 51 51 52 52 53 53 54 54 55 55 56 56 57 57 58 58 59 59 48
60 61 61 62 62 63 63 64 64 65 65 66 66 67 67 68 68 69 69 70 70 71 71 60
72 73 73 74 74 75 75 76 76 77 77 78 78 79 79 80 80 81 81 82 82 83 83 72
84 85 85 86 86 87 87 88 88 89 89 90 90 91 91 92 92 93 93 94 94 95 95 84
96 97 97 98 98 99 99 100 100 101 101 102 102 103 103 104 104 105 105 106 106 107 107 96
108 109 109 110 110 111 111 112 112 113 113 114 114 115 115 116 116 117 117 118 118 119 119 108
0 12 1 13 2 14 3 15 4 16 5 17 6 18 7 19 8 20 9 21 10 22 11 23
12 24 13 25 14 26 15 27 16 28 17 29 18 30 19 31 20 32 21 33 22 34 23 35
24 36 25 37 26 38 27 39 28 40 29 41 30 42 31 43 32 44 33 45 34 46 35 47
36 48 37 49 38 50 39 51 40 52 41 53 42 54 43 55 44 56 45 57 46 58 47 59
60 72 61 73 62 74 63 75 64 76 65 77 66 78 67 79 68 80 69 81 70 82 71 83
72 84 73 85 74 86 75 87 76 88 77 89 78 90 79 91 80 92 81 93 82 94 83 95
84 96 85 97 86 98 87 99 88 100 89 101 90 102 91 103 92 104 93 105 94 106 95 107
96 108 97 109 98 110 99 111 100 112 101 113 102 114 103 115 104 116 105 117 106 118 107 119
0 13 1 14 2 15 3 16 4 17 5 18 6 19 7 20 8 21 9 22 10 23 11 12
1 12 2 13 3 14 4 15 5 16 6 17 7 18 8 19 9 20 10 21 11 22 0 23
12 25 13 26 14 27 15 28 16 29 17 30 18 31 19 32 20 33 21 34 22 35 23 24
13 24 14 25 15 26 16 27 17 28 18 29 19 30 20 31 21 32 22 33 23 34 12 35
24 37 25 38 26 39 27 40 28 41 29 42 30 43 31 44 32 45 33 46 34 47 35 36
25 36 26 37 27 38 28 39 29 40 30 41 31 42 32 43 33 44 34 45 35 46 24 47
36 49 37 50 38 51 39 52 40 53 41 54 42 55 43 56 44 57 45 58 46 59 47 48
37 48 38 49 39 50 40 51 41 52 42 53 43 54 44 55 45 56 46 57 47 58 36 59
0 60 1 61 2 62 3 63 4 64 5 65 6 66 7 67 8 68 9 69 10 70 11 71
12 72 13 73 14 74 15 75 16 76 17 77 18 78 19 79 20 80 21 81 22 82 23 83
24 84 25 85 26 86 27 87 28 88 29 89 30 90 31 91 32 92 33 93 34 94 35 95
36 96 37 97 38 98 39 99 40 100 41 101 42 102 43 103 44 104 45 105 46 106 47 107
48 108 49 109 50 110 51 111 52 112 53 113 54 114 55 115 56 116 57 117 58 118 59 119