MIN_X -70
MAX_X 70
MIN_Y -35
MAX_Y 35
32
45.0 0.0 0.0
40.5 10.5 0.0
30.0 15.0 0.0
19.5 10.5 0.0
15.0 0.0 0.0
19.5 -10.5 0.0
30.0 -15.0 0.0
40.5 -10.5 0.0
0.0 0.0 45.0
0.0 10.5 40.5
0.0 15.0 30.0
0.0 10.5 19.5
0.0 0.0 15.0
0.0 -10.5 19.5
0.0 -15.0 30.0
0.0 -10.5 40.5
-45.0 0.0 0.0
-40.5 10.5 0.0
-30.0 15.0 0.0
-19.5 10.5 0.0
-15.0 0.0 0.0
-19.5 -10.5 0.0
-30.0 -15.0 0.0
-40.5 -10.5 0.0
0.0 0.0 -45.0
0.0 10.5 -45.5
0.0 15.0 -30.0
0.0 10.5 -19.5
0.0 0.0 -15.0
0.0 -10.5 -19.5
0.0 -15.0 -30.0
0.0 -10.5 -40.5
64
0 1
1 2
2 3
3 4
4 5
5 6
6 7
7 0
8 9
9 10
10 11
11 12
12 13
13 14
14 15
15 8
16 17
17 18
18 19
19 20
20 21
21 22
22 23
23 16
24 25
25 26
26 27
27 28
28 29
29 30
30 31
31 24
0 8
1 9
2 10
3 11
4 12
5 13
6 14
7 15
8 16
9 17
10 18
11 19
12 20
13 21
14 22
15 23
16 24
17 25
18 26
19 27
20 28
21 29
22 30
23 31
24 0
25 1
26 2
27 3
28 4
29 5
30 6
31 7