MIN_X -4
MAX_X 4
MIN_Y -1.2
MAX_Y 2
SCALE 120
643
-0.6621000170707703 0.273337721824646 0.6138914823532104 
-0.353229820728302 0.44461482763290405 0.6161242127418518 
-0.8108016848564148 0.31229129433631897 0.5519986748695374 
-0.3109137713909149 0.7352131009101868 0.6062824130058289 
-0.9490622282028198 0.5213340520858765 0.5398104190826416 
-0.7393027544021606 0.7193480730056763 0.4876626133918762 
-0.961010217666626 0.9741300940513611 0.519459068775177 
-1.2590413093566895 1.2637596130371094 0.7005191445350647 
-1.662877082824707 1.0319846868515015 1.06736421585083 
-0.5535977482795715 1.000504493713379 0.5526962280273438 
-0.8671103119850159 1.517186164855957 0.9060341715812683 
-2.00008225440979 1.7600876092910767 1.518021583557129 
-1.5868215560913086 1.9276597499847412 1.4326810836791992 
-1.0307402610778809 -0.3252856135368347 0.5397127866744995 
-1.784854769706726 0.002424919046461582 0.6370289921760559 
-2.1345558166503906 -0.3694458305835724 1.020078182220459 
-1.1323946714401245 0.37409499287605286 0.5744839310646057 
-1.9542481899261475 0.4212891161441803 0.9481800198554993 
-2.527979612350464 0.246179461479187 1.1218928098678589 
-0.3440539538860321 -0.41323453187942505 0.6178972125053406 
-0.687990128993988 -0.31027403473854065 0.6102725863456726 
-0.8081531524658203 -0.42937445640563965 0.5526292324066162 
-0.6428971886634827 -1.120343565940857 0.6166601181030273 
-0.8488636016845703 -0.8374280333518982 0.47443532943725586 
-1.265982747077942 -1.261581540107727 0.7021993398666382 
-1.0355710983276367 -1.666585087776184 1.0697795152664185 
-1.069730520248413 -0.5775450468063354 0.5852635502815247 
-1.6247891187667847 -0.9749480485916138 1.0103141069412231 
-1.7598512172698975 -1.9999803304672241 1.5179290771484375 
-1.9101974964141846 -1.487105369567871 1.3822349309921265 
0.002108942251652479 -0.5919050574302673 0.6050993204116821 
0.3255387842655182 -1.0307806730270386 0.5397686958312988 
-0.3126152753829956 -0.7394275665283203 0.604094386100769 
-0.0024169546086341143 -1.7848132848739624 0.6370116472244263 
0.3694380819797516 -2.1345388889312744 1.020081639289856 
-0.3549070358276367 -1.0628435611724854 0.5477031469345093 
-0.42128705978393555 -1.954272747039795 0.948186993598938 
-0.246179461479187 -2.527979612350464 1.1218928098678589 
0.7348635792732239 -0.3316604197025299 0.6056997179985046 
0.31176725029945374 -0.7378492951393127 0.6042159795761108 
1.3498317003250122 -0.7789658904075623 0.7730908393859863 
0.964745283126831 -0.9764466285705566 0.5201837420463562 
1.262182354927063 -1.2666661739349365 0.7033254504203796 
0.5461196899414062 -1.0005574226379395 0.5527405738830566 
1.9298666715621948 -1.9494953155517578 1.565042495727539 
1.030715823173523 0.3251182436943054 0.5396779179573059 
0.8085538148880005 -0.3059919476509094 0.5721073150634766 
1.7848132848739624 -0.0024169546086341143 0.6370116472244263 
2.1345388889312744 0.3694380819797516 1.020081639289856 
1.0631992816925049 -0.35506704449653625 0.5478218793869019 
1.954272747039795 -0.42128705978393555 0.948186993598938 
2.527979612350464 -0.246179461479187 1.1218928098678589 
0.3865383565425873 0.3790138363838196 0.6167428493499756 
0.3136013150215149 0.7384333610534668 0.6051785945892334 
0.7335079908370972 0.31626391410827637 0.607562243938446 
0.5184512734413147 0.9261244535446167 0.5422431826591492 
0.7874211668968201 1.3500778675079346 0.7734678983688354 
1.2655212879180908 1.261332392692566 0.7015110850334167 
1.0000112056732178 0.5742602944374084 0.552352249622345 
1.4902303218841553 0.8431612849235535 0.8776161670684814 
1.262062430381775 1.7831110954284668 1.2322907447814941 
1.9806866645812988 1.9676740169525146 1.5930348634719849 
1.9271681308746338 1.5853697061538696 1.4319366216659546 
0.36973661184310913 -0.3922557830810547 0.6172518134117126 
0.5401124954223633 0.003719177795574069 0.6166837215423584 
0.07431749999523163 0.5385839939117432 0.6191886067390442 
-0.7498123049736023 0.7238988280296326 0.0765872374176979 
-1.0333143472671509 0.6561594605445862 0.19840405881404877 
-0.7607808113098145 0.3316091001033783 0.25307804346084595 
-0.557325005531311 1.1411097049713135 0.40259331464767456 
-0.6089679598808289 0.9722930192947388 0.1741863638162613 
-0.3513253331184387 0.7471675276756287 0.2296852469444275 
-1.3391410112380981 1.4100018739700317 0.43763020634651184 
-1.4679532051086426 1.1802146434783936 0.45063674449920654 
-1.0349228382110596 1.707464575767517 0.8981711864471436 
-0.9653845429420471 1.3743932247161865 0.3917849063873291 
-1.0270006656646729 1.050183653831482 0.14451266825199127 
-1.9109500646591187 1.9716414213180542 1.2704989910125732 
-1.9583470821380615 1.6924487352371216 1.1804463863372803 
-1.765201449394226 1.15240478515625 0.970776379108429 
-1.436222791671753 1.84654700756073 0.9652154445648193 
-1.0594937801361084 0.020809022709727287 0.0668383464217186 
-1.099694848060608 -0.33352208137512207 0.21852508187294006 
-0.5886606574058533 -0.2959223985671997 0.21266840398311615 
-0.7423108220100403 -0.28941887617111206 0.22130942344665527 
-1.0411690473556519 0.39410606026649475 0.30503228306770325 
-0.6371362209320068 0.21777673065662384 0.2115817666053772 
-1.5328428745269775 -0.02878478914499283 0.1493222415447235 
-1.8908079862594604 -0.18409201502799988 0.35805854201316833 
-1.7124688625335693 -0.40489116311073303 0.5099601745605469 
-1.5649373531341553 0.22456304728984833 0.23354612290859222 
-2.7251389026641846 -0.06208338588476181 0.893740177154541 
-2.2633867263793945 0.05006031692028046 0.5273726582527161 
-2.0732390880584717 -0.4137895405292511 0.7992650866508484 
-2.4566798210144043 0.24564751982688904 0.7628766894340515 
-1.1597167253494263 -0.5750187635421753 0.42015230655670166 
-0.9726290106773376 -0.6166906952857971 0.17388249933719635 
-0.7693681716918945 -0.36656761169433594 0.24311339855194092 
-0.7322992086410522 -0.7917323708534241 0.07263261824846268 
-1.4106378555297852 -1.3400417566299438 0.4379742741584778 
-1.1831881999969482 -1.4700286388397217 0.45084148645401 
-0.6270894408226013 -1.0724451541900635 0.2354995757341385 
-1.7260693311691284 -1.0744879245758057 0.9086599946022034 
-1.3747748136520386 -0.9673627614974976 0.3922402858734131 
-1.0516878366470337 -1.0297348499298096 0.14450909197330475 
-1.9718340635299683 -1.9109879732131958 1.2708929777145386 
-1.6938979625701904 -1.9590455293655396 1.1821417808532715 
-1.1536533832550049 -1.7660897970199585 0.9714973568916321 
-1.8465887308120728 -1.4358229637145996 0.9652839303016663 
-0.020712608471512794 -1.059360384941101 0.06684029847383499 
0.3338949382305145 -1.0983189344406128 0.21867166459560394 
0.3221516013145447 -0.7330187559127808 0.22942408919334412 
-0.3939201235771179 -1.0405151844024658 0.3049421012401581 
-0.32685357332229614 -0.7486127018928528 0.24086003005504608 
0.02878478914499283 -1.5328428745269775 0.1493222415447235 
0.184108167886734 -1.8908401727676392 0.35808563232421875 
0.4049100875854492 -1.7126328945159912 0.5100886225700378 
-0.22459198534488678 -1.5650869607925415 0.23359668254852295 
0.06208338588476181 -2.7251389026641846 0.893740177154541 
-0.05006031692028046 -2.2633867263793945 0.5273726582527161 
0.4137895405292511 -2.0732390880584717 0.7992650866508484 
-0.24564751982688904 -2.4566798210144043 0.7628766894340515 
0.7351118326187134 -0.32124248147010803 0.22876383364200592 
1.1201705932617188 -0.6240043640136719 0.2695981562137604 
0.5591126680374146 -1.1318384408950806 0.3673739731311798 
0.5857281684875488 -0.9282282590866089 0.15333852171897888 
0.7897390127182007 -0.7285923957824707 0.07255030423402786 
1.4707638025283813 -1.0721131563186646 0.48423340916633606 
1.0771924257278442 -1.7274917364120483 0.9089717268943787 
1.0747672319412231 -1.4074718952178955 0.3892781436443329 
1.1097569465637207 -1.0995614528656006 0.17344439029693604 
1.95534348487854 -2.0098092555999756 1.3983279466629028 
1.668352484703064 -1.6652140617370605 0.8054492473602295 
1.9590104818344116 -1.6938374042510986 1.18205726146698 
1.7666813135147095 -1.1546651124954224 0.972130537033081 
1.4366604089736938 -1.8468458652496338 0.965686023235321 
1.059545874595642 -0.020881617441773415 0.06684152781963348 
1.0872111320495605 0.3766973912715912 0.2541210353374481 
0.7336351275444031 0.2831234633922577 0.22411997616291046 
1.076866626739502 -0.3492950201034546 0.24319694936275482 
0.6836463212966919 -0.22824665904045105 0.21147826313972473 
1.5328236818313599 0.028777578845620155 0.14931467175483704 
1.8908401727676392 0.184108167886734 0.35808563232421875 
1.7126328945159912 0.4049100875854492 0.5100886225700378 
1.565063238143921 -0.22459007799625397 0.23358601331710815 
2.7251389026641846 0.06208338588476181 0.893740177154541 
2.2633867263793945 -0.05006031692028046 0.5273726582527161 
2.0732390880584717 0.4137895405292511 0.7992650866508484 
2.4566798210144043 -0.24564751982688904 0.7628766894340515 
0.6654283404350281 1.0514347553253174 0.2001965194940567 
0.6825855374336243 0.7789013385772705 0.08975408971309662 
0.310873419046402 0.7076017260551453 0.22786153852939606 
0.6562802195549011 1.272116780281067 0.4619213938713074 
0.8573724627494812 0.611694872379303 0.1255844384431839 
0.7668450474739075 0.36231061816215515 0.24896427989006042 
1.184289574623108 1.1666107177734375 0.20706497132778168 
1.086060643196106 1.39845871925354 0.3892291486263275 
1.295531988143921 0.6930798292160034 0.4610339403152466 
1.2281690835952759 0.8955508470535278 0.24595700204372406 
1.9718652963638306 1.911055088043213 1.2710109949111938 
1.6023539304733276 1.8461284637451172 0.9718369245529175 
1.1534676551818848 1.7659341096878052 0.9712651371955872 
1.8463215827941895 1.4350825548171997 0.9648484587669373 
-0.1900019347667694 1.1164878606796265 0.11734642833471298 
-0.2736049294471741 0.7124846577644348 0.21993519365787506 
0.35906970500946045 1.129658818244934 0.2408669888973236 
0.05704988166689873 1.0650615692138672 0.0739194005727768 
-0.5632199645042419 0.4097543954849243 0.18207216262817383 
-0.28596732020378113 -0.5627052187919617 0.212178573012352 
-0.0019400109304115176 -0.5350164175033569 0.21160556375980377 
0.5399340987205505 0.10019244998693466 0.21073545515537262 
0.3407365083694458 0.40115487575531006 0.21157458424568176 
-1.2591816186904907 0.6320656538009644 0.49632176756858826 
-2.0292625427246094 1.9901002645492554 1.5491641759872437 
-1.2146159410476685 1.8073744773864746 1.1715611219406128 
-1.8268561363220215 2.0502889156341553 1.5132197141647339 
-1.199676275253296 -0.453212708234787 0.49627751111984253 
-1.7208914756774902 -0.4871920347213745 0.8035668134689331 
-1.6030489206314087 0.4684866666793823 0.5731202960014343 
-2.8721346855163574 -0.0866917297244072 1.1605325937271118 
-2.816028356552124 0.004853642079979181 1.2197434902191162 
-1.9057437181472778 0.4901899993419647 0.8854818940162659 
-2.7978200912475586 0.14334042370319366 1.090826392173767 
-0.5011350512504578 -0.9464791417121887 0.5419507026672363 
-0.6624688506126404 -1.3095749616622925 0.5365676879882812 
-1.9901384115219116 -2.0292277336120605 1.5491902828216553 
-2.0502889156341553 -1.8268561363220215 1.5132197141647339 
0.4530455768108368 -1.1979724168777466 0.4957479238510132 
0.4871973991394043 -1.7208235263824463 0.803535521030426 
-0.4684866666793823 -1.6030489206314087 0.5731202960014343 
0.08666294813156128 -2.872157573699951 1.1605502367019653 
-0.004851426929235458 -2.816027879714966 1.2197437286376953 
-0.4901899993419647 -1.9057437181472778 0.8854818940162659 
-0.14334042370319366 -2.7978200912475586 1.090826392173767 
0.3623220920562744 -0.8427021503448486 0.4098777174949646 
0.9694530367851257 -0.5049590468406677 0.5505424737930298 
1.6295132637023926 -0.9342066645622253 0.9462144374847412 
1.121186375617981 -0.5290188193321228 0.44023746252059937 
0.8675857782363892 -1.5208561420440674 0.9087218642234802 
1.8520140647888184 -1.4021152257919312 1.3252087831497192 
2.0487515926361084 -1.9431748390197754 1.5614819526672363 
1.2405624389648438 -1.8020193576812744 1.2241995334625244 
1.8268561363220215 -2.0502889156341553 1.5132197141647339 
0.8319756984710693 -0.35184556245803833 0.3553491532802582 
1.7208235263824463 0.4871973991394043 0.803535521030426 
1.6030489206314087 -0.4684866666793823 0.5731202960014343 
2.872157573699951 0.08666294813156128 1.1605502367019653 
2.816027879714966 -0.004851426929235458 1.2197437286376953 
1.9057437181472778 -0.4901899993419647 0.8854818940162659 
2.7978200912475586 -0.14334042370319366 1.090826392173767 
1.0104178190231323 0.5052578449249268 0.47116005420684814 
0.7474682927131653 1.4099446535110474 0.740219235420227 
1.7611085176467896 2.005730628967285 1.5109254121780396 
1.8390401601791382 2.050161600112915 1.4498627185821533 
1.8086495399475098 1.1808618307113647 1.1096000671386719 
2.0502889156341553 1.8268561363220215 1.5132197141647339 
0.33651673793792725 1.028718113899231 0.5479632019996643 
0.34397926926612854 0.8194926977157593 0.30377423763275146 
0.3361145853996277 0.829689621925354 0.5038542747497559 
-0.4185796082019806 1.7958561182022095 0.916846752166748 
-0.47424325346946716 1.3327146768569946 0.44853127002716064 
0.4435470700263977 1.7220649719238281 0.8875356316566467 
0.490058034658432 1.5793718099594116 0.5704452991485596 
-0.23569563031196594 2.6107397079467773 1.1376887559890747 
-3.411626676097512e-05 2.852508068084717 1.2909395694732666 
-0.01607559621334076 2.9073715209960938 1.0671327114105225 
-0.11380864679813385 2.7255613803863525 0.8938482403755188 
-0.5033301115036011 1.7806625366210938 0.8427656292915344 
0.4765219986438751 1.9798444509506226 0.8590070009231567 
-1.1514723300933838 0.002760626608505845 0.4678657054901123 
-0.0027747463900595903 -1.1514561176300049 0.46786436438560486 
0.7381702661514282 -0.7227234840393066 0.48728975653648376 
1.1514419317245483 -0.0027850568294525146 0.4678627848625183 
0.8438733816146851 0.8452231884002686 0.4720928966999054 
0.018151449039578438 1.0320544242858887 0.48433995246887207 
-0.28851836919784546 0.9394679069519043 0.5491430759429932 
-0.2982824742794037 0.5593240261077881 0.21222950518131256 
0.3470076322555542 -0.4823450446128845 0.2017640918493271 
0.016273729503154755 0.584696888923645 0.20133842527866364 
-0.8296336531639099 0.3576014041900635 0.4106591045856476 
-0.8378313779830933 -0.3640654385089874 0.4230078160762787 
-0.35854360461235046 -0.8398109674453735 0.4256165325641632 
0.8397828340530396 0.363436758518219 0.41701146960258484 
0.38922226428985596 0.8608396053314209 0.429923951625824 
-0.3635939955711365 0.8401529788970947 0.4115181565284729 
0.5660343766212463 -0.2978402376174927 0.8750267624855042 
0.3087928593158722 -0.6015851497650146 1.2950687408447266 
-0.0074270134791731834 -0.6353816390037537 0.9327582716941833 
0.08676058799028397 -0.7464097142219543 1.69012451171875 
0.2825159430503845 -0.7822743654251099 1.911791443824768 
0.4307330250740051 -0.6202623844146729 0.6028116345405579 
0.7006992697715759 -0.41645365953445435 0.7725347876548767 
-0.06782535463571548 -0.8043157458305359 0.6737116575241089 
0.2658099830150604 -0.7214186191558838 0.6048986911773682 
0.7291338443756104 -0.6004135608673096 1.55190110206604 
0.07245131582021713 -0.9487298727035522 1.5308221578598022 
0.20124292373657227 -0.9517001509666443 1.1940093040466309 
0.49400320649147034 -0.8837013244628906 1.1835966110229492 
0.6422430276870728 -0.8210592269897461 1.5968893766403198 
0.3231385350227356 -0.9590166211128235 1.7361642122268677 
0.6623307466506958 -0.34652867913246155 0.8493507504463196 
0.6703165769577026 -0.4520653486251831 1.506553292274475 
-0.07867265492677689 -0.7357487082481384 0.8565062880516052 
0.5575644969940186 -0.5055631995201111 1.7677803039550781 
0.4354528784751892 -0.642928421497345 1.8891921043395996 
0.501330554485321 -0.7998877167701721 1.880540132522583 
-0.002929688198491931 -0.8335007429122925 1.556244134902954 
0.25236037373542786 -0.4304352104663849 0.7803869843482971 
-0.1678811013698578 -0.6354081630706787 0.9373809695243835 
-0.3908356726169586 -0.3595518469810486 0.8139711022377014 
-0.5068981647491455 -0.4616416394710541 1.2858996391296387 
-0.3481696844100952 -0.6572092771530151 1.742710828781128 
-0.6448341608047485 -0.17939290404319763 0.9900244474411011 
-0.44508662819862366 -0.6061345338821411 0.6090049147605896 
-0.21190403401851654 -0.7813058495521545 0.7695918679237366 
-0.662278950214386 -0.4135671555995941 0.6135700345039368 
-0.6013321876525879 -0.6698349118232727 0.8537616729736328 
-0.3763030171394348 -0.8593707084655762 1.5464532375335693 
-0.9200581312179565 -0.36291468143463135 1.5237364768981934 
-0.814790666103363 -0.15121990442276 0.6747287511825562 
-0.8061483502388 -0.6631540060043335 1.2952203750610352 
-0.6197769045829773 -0.8433042168617249 1.584917426109314 
-0.8473944664001465 -0.5728692412376404 1.7363336086273193 
-0.2640240788459778 -0.7625939249992371 1.5073633193969727 
-0.8400611281394958 -0.20435647666454315 1.4162728786468506 
-0.7318935990333557 -0.1278461515903473 0.8234058618545532 
-0.4387725591659546 -0.6679069399833679 1.860817551612854 
-0.6593690514564514 -0.6308869123458862 1.938779354095459 
-0.7226942777633667 -0.3203093707561493 1.7739007472991943 
-0.6312369704246521 -0.013752683997154236 0.8716568946838379 
-0.6034618020057678 0.3020216226577759 1.1121159791946411 
-0.758414089679718 0.11474921554327011 1.7423700094223022 
-0.6434933543205261 0.4888860881328583 1.863900899887085 
-0.4801328480243683 0.6234927177429199 1.526397705078125 
-0.7851831912994385 0.23508167266845703 0.6503341794013977 
-0.46862685680389404 0.7153515219688416 0.7680262923240662 
-0.6190181374549866 0.5142121911048889 0.61378014087677 
-0.9814409017562866 0.09994383901357651 1.4352689981460571 
-0.8958470225334167 0.5652509331703186 1.242074728012085 
-0.9727683067321777 0.25474798679351807 1.7238775491714478 
-0.9028331637382507 0.566271185874939 1.7642439603805542 
-0.8100284934043884 -0.07059062272310257 0.7602607011795044 
-0.8387675285339355 0.012137825600802898 1.5661953687667847 
-0.547390341758728 0.7261430025100708 1.611695408821106 
-0.3809092342853546 0.6545547842979431 0.8581748604774475 
-0.8290895819664001 0.2754632234573364 1.893930196762085 
-0.8196097612380981 0.45397496223449707 1.9288848638534546 
-0.6768973469734192 0.7506939172744751 1.535536527633667 
-0.6281010508537292 -0.10512445122003555 0.842837929725647 
-0.4781893491744995 -0.07728879898786545 0.7389053702354431 
-0.4211980998516083 0.24575284123420715 0.7366520762443542 
-0.21835127472877502 0.6270233392715454 0.9721604585647583 
0.08470847457647324 0.7064506411552429 1.2806522846221924 
-0.1611878126859665 0.7615996599197388 1.7424468994140625 
0.4175187647342682 0.5022916197776794 0.8641071915626526 
0.4116308391094208 0.662824809551239 1.5195568799972534 
0.1766773760318756 0.9120773077011108 0.8400148749351501 
-0.3742685317993164 0.7331023216247559 0.656244695186615 
0.5002555251121521 0.6664139032363892 0.6621850728988647 
0.09673396497964859 0.7782971262931824 0.5802375674247742 
-0.051412273198366165 1.0625180006027222 1.3433626890182495 
-0.2515503764152527 0.9467785954475403 1.5513454675674438 
0.33846548199653625 0.9736599922180176 1.227800965309143 
0.04614574834704399 1.0652530193328857 1.7136647701263428 
0.28726062178611755 1.0093414783477783 1.7362699508666992 
-0.34164130687713623 0.7222577333450317 0.8648361563682556 
-0.29133129119873047 0.7918019890785217 1.5047696828842163 
0.5107921361923218 0.7332576513290405 1.3699368238449097 
-0.09625567495822906 0.8263578414916992 1.86062753200531 
0.10121625661849976 0.9364731311798096 1.9387009143829346 
0.3602764904499054 0.7444533109664917 1.7648952007293701 
0.4678474962711334 0.8954964876174927 1.5361590385437012 
0.052912525832653046 0.5343340635299683 0.783498227596283 
-0.32484742999076843 0.5506706833839417 0.8374666571617126 
0.11952357739210129 0.4258032441139221 0.709587812423706 
0.49327483773231506 0.47343653440475464 0.9373910427093506 
0.6333475708961487 0.15491782128810883 1.0931835174560547 
0.6124207377433777 -0.1750597059726715 0.9380621314048767 
0.7335088849067688 -0.1806354522705078 1.5381381511688232 
0.7047826647758484 0.21785911917686462 0.5698825120925903 
0.9583923816680908 0.2526717782020569 1.0256797075271606 
0.6158792972564697 0.5654168128967285 0.75577312707901 
0.7501838207244873 -0.27612197399139404 0.6544803380966187 
0.7953020334243774 0.02226920984685421 0.621001124382019 
0.9448562264442444 0.42448851466178894 1.4311585426330566 
0.8049197793006897 0.5403895974159241 1.5504958629608154 
1.0097724199295044 -0.012134470045566559 1.2271320819854736 
1.037300944328308 0.07919762283563614 1.7440259456634521 
0.6414540410041809 0.5297548174858093 1.505223274230957 
0.749675452709198 -0.28317365050315857 0.8776311874389648 
0.6618218421936035 0.4082833528518677 1.767896056175232 
0.7545592188835144 0.25319570302963257 1.8881770372390747 
0.9523230195045471 0.2903418242931366 1.8468518257141113 
0.872437596321106 0.1228579580783844 1.9215619564056396 
0.7964304685592651 -0.10520923137664795 1.7649062871932983 
0.9750435948371887 -0.15888428688049316 1.5357849597930908 
0.4364437460899353 0.09278249740600586 0.7189934849739075 
0.35604268312454224 -0.2137942910194397 0.7331674695014954 
-0.10833733528852463 -0.5974732041358948 0.8519335985183716 
0.5110287070274353 0.6204718947410583 0.8233839273452759 
-0.34592682123184204 -0.22667403519153595 0.707148551940918 
-0.007731353864073753 -0.4104861319065094 0.7289570569992065 
-0.003667589044198394 -0.3497437834739685 0.314271479845047 
-0.09234263747930527 0.3560316264629364 0.30391761660575867 
-0.04798800125718117 0.0016150657320395112 0.22453971207141876 
0.34595468640327454 0.0899662971496582 0.3177449107170105 
0.313259482383728 -0.20234787464141846 0.341632604598999 
0.35823023319244385 0.39463382959365845 0.43460890650749207 
-0.29373204708099365 -0.23318889737129211 0.32251498103141785 
-0.3523780107498169 0.19388069212436676 0.32385948300361633 
-0.40276217460632324 -0.048116881400346756 0.3321695923805237 
-0.19878463447093964 0.26044514775276184 1.0717933177947998 
-0.15754905343055725 -0.2886210083961487 1.0727641582489014 
0.3216298222541809 0.030943071469664574 1.0692824125289917 
-0.034570761024951935 0.4294089376926422 1.1336345672607422 
-0.20675276219844818 0.38448482751846313 1.1141051054000854 
-0.39077702164649963 0.21686063706874847 1.092456579208374 
-0.4342336058616638 -0.08655485510826111 1.093959927558899 
-0.37424853444099426 0.11743661016225815 1.1430823802947998 
-0.28125783801078796 -0.3494327962398529 1.0966657400131226 
-0.062171999365091324 -0.42020437121391296 1.1412183046340942 
0.17159533500671387 -0.41442766785621643 1.0942033529281616 
0.3560383915901184 -0.25298336148262024 1.13930344581604 
0.4366457164287567 -0.09403730183839798 1.1183459758758545 
0.4272221624851227 0.1298423707485199 1.0976580381393433 
0.32276463508605957 0.31381434202194214 1.0908832550048828 
0.14504410326480865 0.41861554980278015 1.1027811765670776 
0.055662304162979126 0.43416935205459595 0.4984850287437439 
-0.37017080187797546 0.24429729580879211 0.6112200021743774 
-0.44452691078186035 -0.03842640668153763 0.6007629036903381 
-0.31917816400527954 -0.30787327885627747 0.6059833765029907 
-0.12635751068592072 -0.4087646007537842 0.4957474172115326 
0.19060933589935303 -0.4164450466632843 0.5978100299835205 
0.39244017004966736 -0.15978151559829712 0.45737969875335693 
0.43311363458633423 0.10679280012845993 0.49449050426483154 
0.2951844334602356 0.35164088010787964 0.6688381433486938 
0.3028796911239624 0.05809410661458969 0.37868475914001465 
-0.3320753872394562 0.13252854347229004 0.40603774785995483 
-0.1817001849412918 0.37366393208503723 0.456602543592453 
-0.3409051299095154 -0.12859421968460083 0.4028620421886444 
0.06284705549478531 -0.36221176385879517 0.3969908058643341 
0.07048200815916061 0.29959288239479065 0.3831109404563904 
-0.3136036992073059 -0.21650992333889008 1.1383888721466064 
0.34707823395729065 -0.1460966169834137 1.1275633573532104 
0.31744644045829773 0.22596651315689087 1.1382479667663574 
-0.32455673813819885 -0.038679394870996475 1.0809370279312134 
0.16342073678970337 -0.2903161942958832 1.0777498483657837 
0.16433772444725037 0.2907584607601166 1.0716147422790527 
0.012580815702676773 1.6762495040893555 0.4652910530567169 
-0.3586817979812622 1.2124046087265015 0.5912534594535828 
0.31244605779647827 1.3768789768218994 0.6197976469993591 
0.024405140429735184 2.5212531089782715 1.1046680212020874 
0.22242410480976105 2.552124500274658 1.1569044589996338 
-0.05044902488589287 2.4659645557403564 1.0812499523162842 
-0.12800921499729156 2.1823079586029053 0.8965259790420532 
-0.3727627098560333 1.3120529651641846 0.26709917187690735 
-0.3974268138408661 1.9873250722885132 0.6383273005485535 
-0.14986462891101837 2.091752290725708 0.4624195098876953 
-0.01196058839559555 2.5342540740966797 0.7237018346786499 
0.13585123419761658 2.796459436416626 0.9485532641410828 
0.3338516652584076 2.223513603210449 0.6920108795166016 
0.17023929953575134 1.800646424293518 0.25508370995521545 
-0.16644799709320068 1.8403536081314087 0.2910567820072174 
-0.12411347031593323 1.7652037143707275 0.2415662556886673 
0.13807061314582825 1.7704890966415405 0.24858391284942627 
0.14174619317054749 2.233109712600708 0.5459614396095276 
0.13717567920684814 2.2465298175811768 0.9057643413543701 
0.06668564677238464 2.490736722946167 0.7052264213562012 
-0.15573027729988098 1.8404295444488525 0.666469395160675 
-0.1101512536406517 1.7665609121322632 0.5859597325325012 
0.14132238924503326 1.7748408317565918 0.607174813747406 
-0.8364230394363403 0.046765029430389404 0.7856423854827881 
-0.6001332998275757 0.6166994571685791 0.7868786454200745 
-1.0889090299606323 0.16103911399841309 0.9108900427818298 
-0.9626469016075134 0.4509963095188141 0.8542978167533875 
-1.2829951047897339 0.5761098861694336 1.2435752153396606 
-0.8952692151069641 0.7788925170898438 0.993091344833374 
-1.6818453073501587 0.3828951120376587 1.8590730428695679 
-1.7491194009780884 0.7400757670402527 2.0556600093841553 
-0.41141772270202637 -0.45377814769744873 0.6920931339263916 
-0.6312017440795898 -0.5706128478050232 0.7881168723106384 
-0.8733918070793152 -0.7138563394546509 0.9150379300117493 
-1.0449410676956177 -0.39159613847732544 0.8843939304351807 
-1.1256567239761353 -0.04874836280941963 0.9248013496398926 
-1.5250015258789062 -0.8685266375541687 1.8765186071395874 
-1.7092280387878418 -0.5888773798942566 1.9122130870819092 
-1.6734209060668945 -0.20206664502620697 1.73946213722229 
-1.8504735231399536 -0.3448506295681 1.961608648300171 
-0.4350934624671936 -0.9597498774528503 0.8518202304840088 
-0.04722383990883827 -0.8665497899055481 0.7911116480827332 
-0.24605193734169006 -1.3501700162887573 1.2786688804626465 
-0.5489749312400818 -1.2087459564208984 1.1917437314987183 
-0.8516980409622192 -0.9217708706855774 1.0332345962524414 
-0.42244958877563477 -1.6386219263076782 1.941797137260437 
-0.9806111454963684 -1.4591389894485474 2.058445692062378 
0.3876083791255951 -0.48659780621528625 0.6939919590950012 
0.37225672602653503 -1.024182677268982 0.8706570267677307 
0.6249133944511414 -0.6230860948562622 0.7893072962760925 
0.01907333917915821 -0.9852446913719177 0.8318933248519897 
0.6841116547584534 -0.8933731913566589 0.9228830337524414 
0.9004895091056824 -1.2940082550048828 1.5599931478500366 
0.0033604195341467857 -1.2111573219299316 0.9894595742225647 
0.3678969144821167 -1.6678534746170044 1.9713521003723145 
0.5340719819068909 -1.6020945310592651 2.016822338104248 
0.8069783449172974 -1.502744197845459 1.909371256828308 
0.7859317064285278 -0.373639315366745 0.791106641292572 
0.8818252682685852 -0.7561843991279602 0.9981191158294678 
1.7550222873687744 -0.5444627404212952 1.9201363325119019 
1.6452295780181885 -0.3494453430175781 1.6562916040420532 
1.658894419670105 -1.0000085830688477 2.0025830268859863 
0.4865124225616455 0.39304840564727783 0.6941932439804077 
0.979812502861023 0.3597639799118042 0.8561139702796936 
0.6319819092750549 0.5730947256088257 0.78700852394104 
0.8345478773117065 0.6440249085426331 0.8832035064697266 
1.3415027856826782 0.5048713088035583 1.2049204111099243 
1.2621057033538818 0.9571742415428162 1.501746654510498 
1.2295639514923096 0.03703630343079567 1.0455636978149414 
1.5349071025848389 0.8159611225128174 1.9283970594406128 
1.6592650413513184 0.45996740460395813 1.9114350080490112 
0.10535462200641632 0.6170278787612915 0.6946902871131897 
0.03838738799095154 0.8581870198249817 0.7877421379089355 
0.5941426753997803 1.3085623979568481 1.3804841041564941 
0.39406856894493103 1.6437876224517822 1.8661003112792969 
0.988521933555603 1.438700795173645 1.9312657117843628 
0.6838492155075073 1.749001383781433 2.089710235595703 
-0.3593333661556244 0.9940646886825562 0.8535986542701721 
-0.6662107110023499 0.8724873065948486 0.9094310402870178 
-0.5069707036018372 1.402565598487854 1.2419339418411255 
-0.8773677945137024 1.0430198907852173 1.1398699283599854 
-0.021408988162875175 1.3403469324111938 1.1769294738769531 
-0.9020125865936279 1.6235677003860474 1.944595456123352 
-0.28620055317878723 1.8523579835891724 1.9748167991638184 
-0.6117826700210571 0.012261281721293926 0.6925753951072693 
-0.017166180536150932 -0.6104993224143982 0.6922978758811951 
0.6116400361061096 -0.05352231115102768 0.6910967230796814 
-0.37189799547195435 0.4860359728336334 0.6927182078361511 
-0.9607691764831543 0.5040470957756042 0.5342022776603699 
-0.8865230679512024 0.07125319540500641 0.525507926940918 
-0.8133136630058289 0.03440285101532936 0.4744415581226349 
-1.2195005416870117 0.1757275015115738 0.8038179278373718 
-0.8505162000656128 0.7994905710220337 0.7190654873847961 
-1.383823037147522 0.7392818927764893 1.0166579484939575 
-1.405530571937561 0.49683794379234314 0.9548990726470947 
-1.7366095781326294 0.39773261547088623 1.6514723300933838 
-1.2058186531066895 0.962121307849884 1.1953151226043701 
-1.7381335496902466 0.7568286657333374 1.617226004600525 
-1.5443068742752075 1.023956060409546 1.676533818244934 
-0.9618059396743774 -0.4897436797618866 0.5413720011711121 
-0.9165329933166504 -0.7911441326141357 0.8196501135826111 
-1.1762336492538452 -0.0455436035990715 0.708892822265625 
-1.1407032012939453 -0.2232488989830017 0.6089391112327576 
-1.5631651878356934 -0.6214011311531067 1.1289814710617065 
-1.295214295387268 -0.8665655255317688 1.191957950592041 
-1.796980857849121 -0.3150871694087982 1.5209436416625977 
-1.9393680095672607 -0.6545577049255371 1.9393173456192017 
-1.7375495433807373 -0.8366069793701172 1.74148690700531 
-1.9477137327194214 -0.4766685664653778 1.9740723371505737 
-0.008106796070933342 -0.63805091381073 0.37725409865379333 
-0.040045592933893204 -0.8800081014633179 0.5294468998908997 
-0.15079568326473236 -1.1691546440124512 0.7176511883735657 
-0.8539524674415588 -0.9271833300590515 0.8217276930809021 
-0.690636932849884 -1.0205824375152588 0.6668798923492432 
-0.6458432078361511 -0.6092537641525269 0.5373224020004272 
-0.45286956429481506 -0.9980985522270203 0.5339418053627014 
-0.7777934074401855 -1.4551585912704468 1.2071659564971924 
-0.3773603141307831 -1.5365279912948608 1.1688779592514038 
-1.092275857925415 -1.3748914003372192 1.5363630056381226 
-0.6280201077461243 -1.7999448776245117 1.8146270513534546 
-0.9422370195388794 -1.622592806816101 1.7122575044631958 
0.5258141160011292 -1.3127485513687134 0.8250747919082642 
0.5689703226089478 -0.9178764820098877 0.5776008367538452 
0.29101893305778503 -1.0120925903320312 0.522491455078125 
0.6069818139076233 -0.6264564990997314 0.5222412347793579 
0.8205174207687378 -0.9641934633255005 0.8615320920944214 
0.02518896944820881 -1.2304236888885498 0.7685653567314148 
0.812816321849823 -1.5591580867767334 1.3840696811676025 
0.2063952386379242 -1.6986258029937744 1.3922733068466187 
0.6976102590560913 -1.8020868301391602 1.8114758729934692 
0.867664635181427 -1.615509271621704 1.8385270833969116 
0.4506798982620239 -1.8347623348236084 1.9047149419784546 
0.49974319338798523 -1.726772665977478 1.367488145828247 
0.9891706705093384 -0.5016850233078003 0.5418258309364319 
0.634218156337738 -0.009468363597989082 0.3757030963897705 
1.1098119020462036 -0.1899586021900177 0.6239938735961914 
1.0185285806655884 -0.8561616539955139 0.8166694641113281 
1.556623101234436 -0.5536799430847168 1.0679200887680054 
1.6629732847213745 -0.31817638874053955 1.3778883218765259 
1.5213731527328491 -0.7857967019081116 1.0900050401687622 
1.9089813232421875 -0.7631299495697021 1.6921093463897705 
1.7093251943588257 -1.0426273345947266 1.645210862159729 
0.998695969581604 0.42947062849998474 0.5405740737915039 
0.9798637628555298 0.7336504459381104 0.7262065410614014 
1.0788213014602661 0.09952742606401443 0.5831177234649658 
0.8780190944671631 -0.03755982965230942 0.5289110541343689 
1.472387671470642 0.6107410788536072 1.0189485549926758 
1.3826100826263428 0.9588310718536377 1.335701584815979 
1.7191288471221924 0.2945253252983093 1.496392011642456 
1.478788137435913 0.3311573565006256 0.9701879620552063 
1.7099883556365967 0.674039363861084 1.5544542074203491 
1.575198769569397 0.902168869972229 1.6788866519927979 
0.20274615287780762 1.1526391506195068 0.6663752794265747 
0.4916432201862335 0.9863272905349731 0.5395708084106445 
0.640576183795929 0.5932731032371521 0.5242366194725037 
0.7312899231910706 1.4910900592803955 1.2217813730239868 
0.45074766874313354 1.722961187362671 1.6505175828933716 
0.8177675008773804 0.9298248291015625 0.7564326524734497 
0.9825496673583984 1.535796880722046 1.6546862125396729 
-0.411786824464798 1.0090240240097046 0.5404895544052124 
-0.615574300289154 0.989925742149353 0.6282234191894531 
-0.5711113810539246 0.6047812700271606 0.4834175407886505 
-0.8164970278739929 0.9594261646270752 0.8400682806968689 
-0.16062115132808685 1.0778074264526367 0.5747674107551575 
0.040790341794490814 0.8784060478210449 0.5263631939888 
-0.9863036274909973 1.4091264009475708 1.324283480644226 
-0.09116098284721375 1.6919856071472168 1.4665343761444092 
-0.3132399022579193 1.5788242816925049 1.0862691402435303 
-0.8524604439735413 1.7785754203796387 1.8010972738265991 
-0.7036916017532349 1.6449253559112549 1.2529958486557007 
-0.5317612290382385 1.943955898284912 1.8411736488342285 
-0.6212260723114014 0.02122594602406025 0.37480658292770386 
-0.436321884393692 0.44108089804649353 0.3750127851963043 
-0.4673925042152405 -0.42873433232307434 0.37625280022621155 
0.426072895526886 -0.46831050515174866 0.3763468861579895 
0.4718838632106781 0.42286789417266846 0.3762156367301941 
0.002993933390825987 0.6358724236488342 0.3770158886909485 
-0.6398792862892151 0.6860983371734619 0.6952424645423889 
-1.2126160860061646 0.11276272684335709 0.9446045160293579 
-1.0672818422317505 0.9864780306816101 1.2758904695510864 
-1.823277473449707 0.7063443064689636 1.9766709804534912 
-1.4059715270996094 1.0307420492172241 1.8840633630752563 
-1.6697356700897217 0.9449059963226318 2.015275478363037 
-1.2679178714752197 0.016037141904234886 0.9369810223579407 
-1.6373369693756104 -0.1187519058585167 1.5195873975753784 
-1.637205719947815 -0.8856571316719055 1.9063085317611694 
-1.8962587118148804 -0.6790419220924377 2.1137592792510986 
-1.3543888330459595 -0.9534527063369751 1.5757193565368652 
-0.6753555536270142 -0.6442753672599792 0.7008610367774963 
-0.12526935338974 -1.1051583290100098 0.8939977288246155 
-0.7006475925445557 -1.7205520868301392 2.166491985321045 
-0.31490767002105713 -1.66932213306427 1.6863343715667725 
-1.0888532400131226 -1.3463890552520752 1.7809216976165771 
-0.9333233833312988 -1.6715604066848755 2.094609498977661 
0.953647255897522 -1.3346658945083618 1.4513344764709473 
0.6526272296905518 -1.7056279182434082 2.102064847946167 
0.18476301431655884 -1.6950031518936157 1.6979783773422241 
0.8277603983879089 -0.8302934765815735 0.8486469984054565 
1.2688243389129639 -0.12049101293087006 0.9574490189552307 
1.418695330619812 -1.0036702156066895 1.7833467721939087 
1.3870577812194824 -1.0780222415924072 1.6238069534301758 
1.8407341241836548 -0.4994337558746338 1.7593331336975098 
1.8904951810836792 -0.859329879283905 2.098602294921875 
1.863726258277893 -0.9985201954841614 2.0146803855895996 
1.2322638034820557 -0.010688753798604012 0.8652067184448242 
0.8528932929039001 -0.027801821008324623 0.7884742617607117 
0.9402271509170532 0.8206814527511597 0.9017443060874939 
1.5748246908187866 0.8675820231437683 1.8798627853393555 
1.6970261335372925 0.6294704079627991 1.9912762641906738 
1.5499571561813354 0.17422708868980408 1.5518075227737427 
1.6315255165100098 0.16313987970352173 1.5206575393676758 
0.7879378199577332 0.8990281224250793 1.0016050338745117 
0.9377049207687378 1.0230443477630615 1.0923024415969849 
0.17762082815170288 1.193582534790039 1.0256109237670898 
1.040488362312317 1.2369859218597412 1.6014355421066284 
0.7414452433586121 1.7793962955474854 1.8546671867370605 
0.9090675115585327 1.6703035831451416 2.0421810150146484 
-0.040569256991147995 1.0091443061828613 0.8509095907211304 
0.038057152181863785 1.2478952407836914 0.9041630625724792 
-0.05286366119980812 1.666596531867981 1.6207530498504639 
-0.7425212860107422 1.876831293106079 2.079214572906494 
-1.0640013217926025 1.3961906433105469 1.6369192600250244 
-0.5169927477836609 1.8964117765426636 2.098503589630127 
-0.6793321371078491 -0.7992935180664062 0.8653035759925842 
1.066203236579895 -0.1704549342393875 0.9136712551116943 
1.015992522239685 0.045760348439216614 0.8620370626449585 
0.14227809011936188 0.9986667037010193 0.8579844832420349 
0.6600107550621033 0.7304452657699585 0.8375715613365173 
-0.9188664555549622 0.04992804676294327 0.7071537375450134 
-0.04718741774559021 -0.9301814436912537 0.6900937557220459 
0.6384353637695312 -0.6833150386810303 0.6860681176185608 
0.9266370534896851 -0.047829631716012955 0.7060225009918213 
0.6840366125106812 0.6427013874053955 0.690448522567749 
0.16053155064582825 1.361695647239685 1.0597801208496094 
0.04588327556848526 0.934841513633728 0.6905653476715088 
1865
5 0 
7 8 
6 9 
10 9 
0 20 
229 14 
39 30 
37 36 
41 43 
42 199 
44 201 
232 47 
39 63 
66 236 
83 81 
83 84 
85 81 
91 88 
103 96 
111 110 
110 116 
189 117 
115 120 
121 189 
118 121 
129 135 
135 131 
157 153 
157 154 
157 158 
164 163 
86 236 
237 169 
171 140 
69 244 
172 8 
173 78 
74 175 
89 176 
93 179 
15 93 
18 181 
179 182 
101 184 
27 95 
28 185 
29 186 
185 186 
35 112 
192 193 
40 195 
201 198 
128 202 
135 202 
48 147 
51 208 
206 209 
59 210 
62 215 
26 21 
3 235 
113 168 
241 183 
39 194 
38 195 
38 203 
138 242 
211 243 
3 244 
138 154 
246 263 
245 263 
250 251 
258 254 
245 260 
260 261 
247 262 
249 255 
269 270 
270 286 
279 284 
294 301 
297 299 
300 298 
291 302 
302 297 
310 289 
315 312 
328 315 
316 319 
327 330 
330 331 
329 330 
336 350 
344 340 
355 346 
352 344 
350 351 
345 352 
348 350 
247 358 
358 262 
301 285 
285 289 
294 279 
250 366 
295 317 
367 318 
342 366 
370 364 
373 407 
376 378 
375 398 
389 399 
374 378 
377 402 
384 404 
408 216 
426 410 
413 224 
424 421 
424 166 
427 418 
408 429 
437 435 
438 589 
431 442 
445 446 
631 452 
456 462 
607 469 
617 474 
479 634 
621 481 
481 484 
488 490 
489 491 
479 470 
496 502 
496 498 
579 510 
512 595 
519 517 
521 525 
601 527 
531 530 
534 529 
539 537 
553 543 
541 545 
552 553 
641 564 
623 563 
569 570 
567 571 
584 583 
586 503 
587 589 
443 591 
447 592 
450 597 
597 519 
452 526 
469 610 
484 564 
626 642 
626 480 
629 570 
630 578 
440 441 
465 466 
472 473 
472 640 
13 15 
17 14 
63 231 
195 231 
232 64 
45 48 
50 47 
55 56 
56 233 
61 212 
19 30 
1 65 
68 67 
70 66 
75 76 
77 78 
79 78 
90 94 
100 104 
98 101 
100 107 
109 110 
112 113 
118 119 
123 134 
136 144 
151 152 
153 158 
150 155 
140 237 
15 177 
181 85 
26 240 
187 188 
112 189 
200 134 
48 204 
208 203 
148 209 
58 210 
54 58 
210 242 
60 161 
216 217 
220 227 
415 220 
224 225 
223 227 
219 223 
222 228 
65 234 
234 235 
113 241 
243 218 
250 253 
269 268 
281 276 
278 280 
279 275 
277 287 
283 286 
300 297 
292 306 
308 310 
308 309 
310 333 
317 321 
322 316 
327 359 
336 337 
338 337 
335 350 
338 349 
245 357 
342 251 
335 359 
309 310 
309 360 
275 370 
364 363 
279 370 
365 364 
364 366 
376 389 
380 391 
399 397 
372 380 
235 408 
414 413 
422 416 
429 423 
423 430 
442 492 
442 439 
597 448 
451 453 
455 457 
471 470 
471 494 
474 476 
477 478 
488 487 
470 494 
500 496 
504 501 
522 508 
513 510 
520 521 
520 522 
526 520 
527 528 
582 530 
582 532 
540 535 
540 529 
550 583 
555 551 
556 557 
583 561 
577 567 
570 573 
582 517 
436 585 
432 585 
436 432 
446 592 
466 605 
549 611 
476 612 
618 478 
488 629 
439 631 
531 517 
636 497 
637 597 
551 614 
641 642 
641 572 
486 585 
495 432 
613 639 
6 7 
7 11 
32 19 
21 19 
30 31 
33 34 
36 35 
33 191 
41 42 
40 199 
42 44 
53 52 
65 235 
66 67 
69 70 
69 71 
74 75 
74 69 
88 82 
92 88 
87 92 
89 93 
169 109 
112 109 
118 115 
129 125 
138 137 
205 144 
142 147 
148 205 
145 148 
158 162 
162 159 
140 169 
89 177 
179 180 
18 180 
116 187 
120 190 
189 192 
123 197 
139 203 
204 137 
206 207 
51 207 
242 157 
211 152 
212 213 
61 159 
62 214 
162 215 
409 244 
222 217 
228 420 
16 2 
32 183 
53 55 
409 235 
169 111 
138 171 
32 241 
53 243 
164 244 
86 68 
252 253 
257 250 
251 254 
255 256 
256 257 
260 251 
266 252 
288 272 
285 279 
358 269 
290 291 
292 291 
289 301 
301 302 
305 299 
332 312 
312 328 
331 318 
314 359 
332 334 
347 344 
347 340 
347 346 
348 345 
351 352 
301 279 
275 368 
363 367 
343 365 
406 373 
380 381 
383 384 
376 388 
379 390 
382 393 
385 395 
402 380 
410 408 
426 221 
221 412 
224 412 
428 409 
416 415 
418 226 
420 421 
423 428 
434 436 
435 589 
442 444 
450 451 
450 453 
454 453 
462 460 
603 463 
632 466 
466 607 
607 467 
633 476 
474 477 
483 619 
484 482 
630 490 
495 492 
498 497 
499 503 
501 505 
508 507 
507 510 
523 517 
526 521 
526 524 
602 535 
537 535 
543 542 
543 546 
611 548 
544 549 
556 558 
561 565 
626 571 
574 575 
578 576 
499 586 
441 508 
594 515 
447 516 
598 599 
528 601 
462 603 
544 605 
544 608 
475 640 
559 615 
556 616 
490 629 
491 627 
491 630 
431 433 
456 459 
431 636 
637 518 
632 639 
632 613 
1 0 
4 8 
10 7 
9 7 
10 12 
180 15 
19 20 
25 28 
28 29 
191 36 
198 42 
43 42 
207 48 
52 54 
60 61 
61 62 
3 65 
68 172 
66 76 
78 73 
113 101 
96 83 
96 98 
103 104 
105 106 
107 106 
117 121 
126 123 
130 127 
127 134 
136 137 
139 140 
139 122 
137 143 
145 146 
151 150 
152 161 
159 155 
166 163 
236 238 
86 171 
239 8 
8 79 
82 176 
28 107 
195 196 
195 197 
46 49 
139 205 
212 161 
224 419 
19 23 
43 231 
52 233 
65 216 
203 197 
122 203 
267 246 
255 252 
261 251 
267 361 
278 279 
281 280 
282 280 
271 283 
286 277 
288 284 
289 290 
293 333 
293 290 
292 293 
294 296 
306 303 
332 311 
318 319 
321 320 
331 322 
321 325 
321 329 
326 328 
336 351 
351 354 
352 347 
314 356 
314 334 
356 245 
360 310 
333 334 
361 356 
407 371 
405 372 
376 375 
398 387 
388 398 
397 388 
392 391 
400 392 
396 399 
399 400 
396 401 
380 382 
383 403 
404 374 
416 417 
417 226 
166 421 
417 414 
414 428 
434 492 
460 456 
473 471 
625 480 
486 488 
439 492 
497 502 
511 507 
508 512 
514 516 
522 581 
525 527 
532 533 
537 538 
602 538 
539 536 
544 532 
612 557 
554 557 
567 569 
570 568 
573 568 
576 577 
583 542 
437 588 
509 591 
446 591 
513 592 
594 516 
452 596 
454 601 
600 601 
461 637 
459 638 
603 538 
467 609 
611 610 
475 555 
616 477 
619 620 
566 624 
489 626 
494 633 
507 579 
636 586 
532 638 
480 642 
458 449 
1 3 
18 17 
19 183 
24 25 
23 26 
27 26 
230 33 
54 64 
46 64 
51 50 
65 53 
52 55 
59 58 
57 60 
212 60 
19 64 
19 65 
75 80 
80 77 
95 96 
95 97 
104 101 
102 103 
102 95 
115 110 
119 115 
114 119 
116 120 
126 237 
130 132 
139 136 
145 142 
149 150 
86 168 
10 244 
11 173 
12 175 
173 175 
80 175 
16 85 
181 182 
22 183 
184 25 
185 106 
102 186 
116 188 
34 120 
37 192 
190 193 
198 194 
200 202 
49 203 
46 203 
147 206 
208 209 
56 211 
165 217 
227 244 
221 222 
221 217 
416 223 
98 168 
153 171 
166 238 
20 240 
13 176 
240 176 
84 240 
31 187 
194 187 
54 242 
267 245 
263 264 
254 265 
261 263 
266 249 
273 252 
284 285 
287 282 
360 358 
360 308 
295 296 
298 294 
301 297 
303 295 
306 305 
290 310 
318 316 
315 314 
315 327 
335 336 
340 341 
343 339 
350 345 
339 367 
335 314 
252 362 
362 364 
372 373 
377 378 
381 382 
382 383 
385 386 
401 397 
375 378 
379 402 
372 402 
385 404 
378 371 
404 407 
422 415 
418 417 
425 419 
425 418 
435 438 
438 437 
444 441 
451 454 
598 454 
458 493 
458 456 
465 613 
466 467 
475 477 
479 472 
621 482 
479 480 
625 479 
485 489 
495 479 
465 455 
509 498 
591 513 
511 513 
524 528 
529 531 
533 530 
541 542 
544 541 
542 552 
550 557 
558 555 
623 566 
571 575 
573 577 
517 581 
437 503 
591 636 
595 508 
597 599 
461 458 
546 606 
476 613 
475 614 
621 641 
566 622 
624 483 
625 626 
628 629 
576 628 
457 459 
465 632 
432 486 
567 580 
457 638 
543 606 
585 488 
31 34 
36 33 
40 41 
44 199 
167 68 
172 79 
77 73 
77 72 
81 90 
98 104 
106 100 
122 123 
125 126 
129 130 
131 133 
131 132 
133 127 
134 133 
129 132 
144 148 
156 161 
160 161 
165 151 
86 167 
83 86 
140 168 
3 9 
176 177 
94 182 
34 188 
110 187 
192 112 
43 194 
39 43 
242 204 
211 60 
225 419 
20 229 
164 236 
97 84 
239 172 
241 184 
113 184 
151 243 
151 217 
122 140 
237 111 
250 342 
253 256 
266 262 
270 271 
268 271 
273 274 
281 277 
282 278 
272 285 
290 292 
296 317 
307 295 
306 300 
320 322 
324 322 
313 326 
326 321 
328 321 
351 338 
343 340 
349 354 
354 355 
353 354 
335 356 
274 252 
268 358 
337 245 
339 318 
334 360 
272 308 
308 285 
363 369 
374 387 
396 400 
400 393 
407 374 
403 382 
406 403 
426 412 
219 413 
220 416 
411 427 
433 434 
446 443 
456 455 
475 474 
481 482 
485 495 
439 493 
499 497 
502 503 
501 506 
513 509 
521 523 
581 523 
559 555 
557 558 
565 562 
620 565 
564 623 
569 568 
578 575 
577 578 
542 581 
438 588 
506 590 
498 636 
444 593 
593 594 
594 514 
444 595 
631 596 
525 599 
458 637 
603 539 
605 638 
548 610 
469 608 
616 615 
617 618 
483 622 
622 620 
622 619 
619 635 
567 584 
596 508 
439 440 
631 440 
470 472 
14 15 
229 16 
17 16 
14 180 
23 24 
24 28 
30 32 
38 63 
64 45 
47 48 
50 49 
47 207 
233 57 
56 60 
57 61 
0 19 
38 64 
64 52 
52 65 
75 70 
84 82 
82 89 
178 90 
88 93 
94 178 
91 94 
97 83 
103 108 
108 105 
124 125 
124 111 
130 123 
128 129 
132 133 
170 138 
142 137 
146 142 
141 146 
143 147 
156 160 
238 164 
164 415 
165 166 
171 170 
238 171 
12 174 
178 181 
26 95 
108 186 
190 191 
37 191 
197 196 
199 200 
143 204 
205 208 
165 222 
226 225 
2 4 
71 236 
151 171 
2 239 
164 220 
38 46 
248 247 
248 246 
258 257 
259 256 
261 254 
264 265 
263 254 
272 270 
286 288 
288 278 
287 288 
297 294 
307 298 
300 299 
328 330 
316 320 
329 324 
332 333 
342 343 
341 345 
346 343 
346 340 
349 342 
353 351 
336 356 
334 356 
308 289 
260 349 
341 318 
356 360 
296 369 
296 363 
319 363 
366 365 
317 363 
377 389 
380 392 
381 392 
384 394 
378 402 
383 404 
223 413 
219 409 
423 163 
423 415 
419 420 
222 420 
418 413 
428 422 
421 426 
433 437 
442 445 
594 445 
461 462 
467 468 
484 483 
485 432 
487 630 
494 439 
494 493 
494 495 
500 504 
505 506 
509 510 
514 515 
518 517 
518 519 
523 525 
534 518 
536 540 
540 537 
548 547 
546 609 
550 552 
554 558 
561 584 
564 560 
565 566 
584 571 
567 575 
491 574 
542 582 
542 580 
504 587 
588 503 
447 594 
460 638 
460 533 
464 603 
602 460 
468 546 
609 610 
618 612 
615 475 
478 616 
478 556 
619 640 
482 641 
449 597 
635 634 
480 634 
472 635 
580 569 
449 637 
634 641 
560 641 
553 542 
8 11 
11 12 
180 17 
20 21 
22 25 
27 24 
26 24 
27 29 
191 34 
42 201 
207 50 
59 57 
58 57 
59 62 
63 19 
73 76 
73 79 
81 82 
85 86 
85 68 
91 92 
184 107 
105 100 
105 99 
109 117 
237 122 
126 130 
150 171 
151 149 
159 160 
161 213 
157 214 
169 168 
171 168 
10 69 
11 79 
85 178 
183 25 
183 184 
25 107 
32 35 
121 193 
123 196 
198 124 
199 134 
199 196 
53 218 
216 221 
412 228 
1 5 
68 239 
122 197 
244 220 
246 264 
264 249 
265 259 
358 267 
275 273 
274 277 
280 275 
278 284 
360 269 
308 269 
296 298 
293 304 
293 303 
299 306 
305 302 
312 313 
311 313 
319 320 
323 320 
323 321 
311 325 
325 326 
311 333 
339 340 
355 342 
348 341 
353 347 
268 262 
311 304 
325 295 
362 368 
369 294 
339 365 
405 371 
390 391 
399 391 
394 387 
397 398 
371 374 
380 406 
406 382 
216 410 
418 225 
418 411 
430 424 
426 425 
589 436 
492 431 
448 439 
448 451 
451 452 
449 493 
463 462 
457 465 
632 468 
473 475 
479 635 
486 485 
487 490 
455 493 
496 497 
500 569 
506 504 
581 507 
514 511 
595 515 
513 514 
531 582 
534 531 
535 529 
582 541 
547 545 
541 547 
562 551 
554 550 
558 559 
562 583 
573 576 
578 574 
581 579 
587 585 
437 586 
500 587 
589 590 
431 443 
595 593 
513 447 
599 519 
453 599 
526 601 
533 602 
536 604 
457 605 
468 606 
607 605 
607 608 
633 613 
612 639 
552 612 
558 616 
620 640 
627 626 
573 629 
628 630 
631 448 
621 635 
485 625 
496 579 
579 498 
550 542 
586 497 
606 553 
634 642 
569 585 
440 596 
494 613 
0 4 
6 5 
6 4 
4 7 
12 7 
20 13 
13 14 
16 14 
23 22 
22 24 
29 24 
39 31 
31 33 
35 33 
41 231 
41 195 
40 42 
54 45 
45 47 
49 47 
56 57 
62 57 
63 64 
52 19 
1 19 
63 30 
66 68 
67 172 
70 71 
71 66 
73 72 
67 73 
67 76 
73 172 
75 69 
70 76 
76 72 
75 72 
80 74 
80 72 
84 81 
81 86 
88 87 
81 87 
82 87 
88 89 
90 85 
90 87 
91 93 
90 92 
94 92 
98 113 
96 97 
83 98 
100 99 
101 100 
100 184 
103 95 
96 104 
104 99 
103 99 
108 102 
108 99 
111 109 
109 113 
115 114 
109 114 
110 114 
115 116 
117 112 
117 114 
118 120 
117 119 
121 119 
122 126 
125 111 
127 123 
129 124 
125 130 
127 132 
135 128 
135 132 
170 136 
136 138 
136 140 
142 141 
136 141 
137 141 
142 143 
144 139 
144 141 
145 147 
144 146 
148 146 
149 152 
153 154 
153 150 
156 155 
149 156 
149 155 
156 152 
158 155 
160 155 
160 213 
162 214 
162 155 
166 151 
170 140 
236 171 
244 9 
244 71 
10 74 
173 77 
11 78 
174 10 
174 74 
175 174 
175 77 
239 85 
177 13 
181 16 
179 15 
179 91 
93 177 
181 17 
182 180 
182 18 
181 94 
240 95 
27 102 
185 105 
28 106 
29 102 
186 105 
241 35 
241 112 
188 31 
192 35 
190 34 
190 118 
120 188 
192 36 
193 191 
193 37 
192 121 
194 111 
194 124 
196 40 
198 43 
198 128 
124 128 
200 44 
200 131 
200 133 
134 196 
201 128 
202 44 
202 201 
202 131 
204 45 
208 49 
203 205 
206 48 
206 145 
147 204 
208 50 
209 207 
209 51 
208 148 
242 58 
242 154 
210 157 
211 55 
59 157 
213 61 
213 159 
161 211 
214 59 
215 61 
215 214 
215 159 
218 216 
217 218 
227 409 
225 223 
223 226 
227 219 
227 416 
228 221 
419 412 
228 419 
4 5 
9 5 
3 5 
13 229 
2 229 
0 229 
183 23 
21 23 
30 230 
31 230 
35 230 
32 230 
38 231 
39 231 
45 232 
49 232 
46 232 
55 233 
58 233 
54 233 
216 53 
216 234 
66 167 
236 167 
83 168 
113 169 
125 237 
151 238 
239 4 
240 13 
240 82 
194 31 
194 110 
242 45 
242 137 
243 55 
243 152 
244 235 
0 2 
164 71 
217 243 
21 240 
97 240 
245 246 
267 247 
246 247 
264 248 
248 249 
257 251 
258 251 
256 252 
253 257 
259 255 
259 257 
259 258 
266 247 
262 252 
266 255 
265 263 
265 249 
265 258 
266 248 
249 259 
267 357 
268 270 
270 308 
273 276 
281 274 
276 274 
280 279 
275 276 
280 276 
282 281 
283 268 
283 277 
284 272 
286 271 
287 286 
287 281 
288 282 
289 291 
290 333 
297 298 
298 295 
300 307 
303 304 
304 295 
305 291 
305 292 
302 299 
303 292 
303 307 
303 300 
311 312 
332 314 
312 314 
319 317 
319 367 
320 317 
322 318 
324 331 
324 323 
327 314 
328 313 
329 328 
329 323 
330 315 
327 331 
330 324 
344 345 
344 341 
346 342 
347 355 
348 335 
349 337 
352 350 
352 353 
354 338 
349 355 
354 347 
356 357 
356 337 
361 358 
268 274 
260 342 
349 245 
304 333 
325 304 
325 317 
359 341 
335 341 
359 318 
357 361 
334 310 
360 361 
366 253 
362 253 
362 273 
368 273 
363 365 
367 365 
370 294 
368 364 
370 369 
369 364 
366 362 
370 368 
372 371 
373 371 
375 374 
376 377 
379 380 
384 385 
386 374 
397 389 
388 389 
399 390 
389 390 
391 379 
382 392 
383 393 
393 392 
393 394 
394 383 
394 395 
386 395 
386 387 
395 387 
401 398 
400 391 
396 393 
396 394 
401 387 
379 377 
404 403 
404 386 
405 378 
405 402 
406 372 
373 403 
373 404 
409 429 
409 408 
408 234 
410 221 
224 411 
413 411 
224 223 
219 414 
415 163 
166 423 
417 422 
226 416 
419 418 
420 425 
421 222 
421 165 
418 414 
417 428 
422 423 
424 423 
421 430 
425 421 
426 427 
429 430 
426 430 
427 425 
426 411 
408 430 
410 430 
428 429 
428 219 
492 433 
434 495 
435 434 
435 433 
435 436 
440 442 
442 441 
442 443 
443 445 
444 445 
446 447 
445 447 
493 448 
493 597 
454 452 
457 456 
493 456 
460 459 
456 461 
464 460 
463 460 
463 464 
465 494 
467 632 
470 473 
474 471 
474 473 
478 474 
621 619 
481 619 
479 485 
487 485 
487 486 
487 489 
492 494 
455 494 
479 494 
496 569 
502 501 
496 501 
502 499 
501 500 
502 505 
503 505 
507 522 
510 498 
511 508 
511 512 
510 511 
515 511 
515 512 
513 516 
523 519 
521 522 
523 522 
525 524 
525 519 
521 524 
527 524 
528 526 
530 529 
530 532 
531 518 
529 533 
535 533 
535 538 
540 539 
543 541 
541 532 
545 543 
545 546 
547 544 
545 548 
548 546 
549 547 
549 548 
551 550 
550 562 
555 554 
551 554 
557 552 
560 561 
560 572 
560 584 
561 562 
564 563 
560 563 
566 620 
563 565 
561 563 
563 566 
568 567 
571 572 
568 577 
575 626 
578 491 
575 577 
579 580 
580 584 
542 579 
542 517 
542 584 
585 500 
586 433 
587 436 
588 505 
587 506 
589 506 
590 438 
588 590 
636 443 
595 441 
592 591 
594 444 
593 515 
596 522 
596 520 
452 520 
599 450 
600 452 
600 526 
598 453 
598 527 
599 527 
600 454 
601 598 
637 534 
461 534 
604 461 
534 536 
603 537 
538 464 
538 460 
604 462 
604 539 
539 462 
605 532 
608 605 
610 467 
609 548 
609 468 
608 549 
611 469 
611 608 
639 553 
612 553 
640 473 
614 555 
617 476 
612 556 
615 477 
617 478 
618 556 
640 565 
484 623 
482 564 
624 484 
483 566 
624 623 
642 572 
626 572 
488 570 
627 489 
627 574 
626 574 
628 490 
628 578 
629 576 
434 432 
457 466 
633 471 
489 625 
580 496 
596 441 
638 533 
606 639 
606 632 
614 640 
621 634 
585 570 
584 572 
640 635 
640 562 
