MIN_X -70
MAX_X 70
MIN_Y -35
MAX_Y 35

24
12 12 28.97
12 12 -28.97
12 -12 28.97
12 -12 -28.97
-12 12 28.97
-12 12 -28.97
-12 -12 28.97
-12 -12 -28.97
12 28.97 12
12 28.97 -12
12 -28.97 12
12 -28.97 -12
-12 28.97 12
-12 28.97 -12
-12 -28.97 12
-12 -28.97 -12
28.97 12 12
28.97 12 -12
28.97 -12 12
28.97 -12 -12
-28.97 12 12
-28.97 12 -12
-28.97 -12 12
-28.97 -12 -12

48
0 2
0 4
0 8
0 16
1 3
1 5
1 9
1 17
2 6
2 10
2 18
3 7
3 11
3 19
4 6
4 12
4 20
5 7
5 13
5 21
6 14
6 22
7 15
7 23
8 9
8 12
8 16
9 13
9 17
10 11
10 14
10 18
11 15
11 19
12 13
12 20
14 15
14 22
16 17
16 18
17 19
18 19
20 21
20 22
21 23
22 23
13 21
15 23