MIN_X -70
MAX_X 70
MIN_Y -35
MAX_Y 35

90
48.0 0.0 0.0
47.2 9.8 1.4
44.8 18.6 2.7
41.1 25.8 4.0
36.3 31.0 5.2
30.6 34.1 6.3
24.3 34.9 7.2
17.7 33.6 7.9
10.9 30.4 8.4
4.4 25.6 8.7
-1.7 19.5 8.7
-7.1 12.6 8.4
-11.5 5.3 7.9
-14.7 -1.9 7.2
-16.6 -8.6 6.3
-17.2 -14.3 5.2
-16.3 -18.7 4.0
-14.2 -21.4 2.7
-10.9 -22.3 1.4
-6.6 -21.3 0.0
-1.8 -18.6 -1.4
3.4 -14.4 -2.7
8.4 -9.0 -4.0
13.0 -2.9 -5.2
16.9 3.3 -6.3
19.9 9.3 -7.2
21.9 14.6 -7.9
22.7 18.7 -8.4
22.4 21.4 -8.7
21.0 22.3 -8.7
40.0 0.0 0.0
39.4 8.2 0.0
37.5 15.6 0.0
34.6 21.8 0.0
30.8 26.5 0.0
26.4 29.4 0.0
21.4 30.5 0.0
16.2 29.8 0.0
11.0 27.5 0.0
6.0 23.5 0.0
1.3 18.2 0.0
-2.8 11.9 0.0
-6.1 5.2 0.0
-8.4 -1.6 0.0
-9.7 -8.0 0.0
-10.0 -13.7 0.0
-9.3 -18.2 0.0
-7.8 -21.2 0.0
-5.5 -22.5 0.0
-2.7 -22.1 0.0
0.6 -20.0 0.0
4.3 -16.5 0.0
8.3 -11.8 0.0
12.3 -6.3 0.0
16.2 -0.4 0.0
19.8 5.4 0.0
22.9 10.9 0.0
25.3 15.6 0.0
26.9 19.3 0.0
27.6 21.6 0.0
32.0 0.0 0.0
31.7 6.6 -1.4
30.3 12.6 -2.7
28.2 17.7 -4.0
25.4 21.9 -5.2
22.1 24.8 -6.3
18.5 26.2 -7.2
14.6 26.0 -7.9
10.8 24.5 -8.4
7.4 21.4 -8.7
4.4 17.1 -8.7
1.8 11.4 -8.4
-0.4 5.2 -7.9
-2.0 -1.2 -7.2
-2.9 -7.4 -6.3
-2.9 -13.0 -5.2
-2.2 -17.6 -4.0
-0.9 -21.0 -2.7
0.9 -22.7 -1.4
3.2 -23.0 0.0
5.9 -21.5 1.4
9.3 -18.5 2.7
13.1 -14.4 4.0
17.1 -9.5 5.2
21.1 -3.9 6.3
24.9 1.6 7.2
28.4 6.9 7.9
31.3 12.2 8.4
33.5 17.0 8.7
34.8 21.1 8.7

210
0 1
1 2
2 3
3 4
4 5
5 6
6 7
7 8
8 9
9 10
10 11
11 12
12 13
13 14
14 15
15 16
16 17
17 18
18 19
19 20
20 21
21 22
22 23
23 24
24 25
25 26
26 27
27 28
28 29
30 31
31 32
32 33
33 34
34 35
35 36
36 37
37 38
38 39
39 40
40 41
41 42
42 43
43 44
44 45
45 46
46 47
47 48
48 49
49 50
50 51
51 52
52 53
53 54
54 55
55 56
56 57
57 58
58 59
60 61
61 62
62 63
63 64
64 65
65 66
66 67
67 68
68 69
69 70
70 71
71 72
72 73
73 74
74 75
75 76
76 77
77 78
78 79
79 80
80 81
81 82
82 83
83 84
84 85
85 86
86 87
87 88
88 89
0 30
30 60
1 31
31 61
2 32
32 62
3 33
33 63
4 34
34 64
5 35
35 65
6 36
36 66
7 37
37 67
8 38
38 68
9 39
39 69
10 40
40 70
11 41
41 71
12 42
42 72
13 43
43 73
14 44
44 74
15 45
45 75
16 46
46 76
17 47
47 77
18 48
48 78
19 49
49 79
20 50
50 80
21 51
51 81
22 52
52 82
23 53
53 83
24 54
54 84
25 55
55 85
26 56
56 86
27 57
57 87
28 58
58 88
29 59
59 89
0 31
30 61
1 32
31 62
2 33
32 63
3 34
33 64
4 35
34 65
5 36
35 66
6 37
36 67
7 38
37 68
8 39
38 69
9 40
39 70
10 41
40 71
11 42
41 72
12 43
42 73
13 44
43 74
14 45
44 75
15 46
45 76
16 47
46 77
17 48
47 78
18 49
48 79
19 50
49 80
20 51
50 81
21 52
51 82
22 53
52 83
23 54
53 84
24 55
54 85
25 56
55 86
26 57
56 87
27 58
57 88
28 59
58 89
29 60
59 0
29 60
59 30
89 0
89 30