MIN_X -140
MAX_X 140
MIN_Y -70
MAX_Y 70
60
25.00 0.00 -45.00
23.78 7.73 -41.90
20.23 14.69 -38.79
14.69 20.23 -35.69
7.73 23.78 -32.59
0.00 25.00 -29.48
-7.73 23.78 -26.38
-14.69 20.23 -23.28
-20.23 14.69 -20.17
-23.78 7.73 -17.07
-25.00 0.00 -13.97
-23.78 -7.73 -10.86
-20.23 -14.69 -7.76
-14.69 -20.23 -4.66
-7.73 -23.78 -1.55
0.00 -25.00 1.55
7.73 -23.78 4.66
14.69 -20.23 7.76
20.23 -14.69 10.86
23.78 -7.73 13.97
25.00 0.00 17.07
23.78 7.73 20.17
20.23 14.69 23.28
14.69 20.23 26.38
7.73 23.78 29.48
0.00 25.00 32.59
-7.73 23.78 35.69
-14.69 20.23 38.79
-20.23 14.69 41.90
-23.78 7.73 45.00
-25.00 -0.00 -45.00
-23.78 -7.73 -41.90
-20.23 -14.69 -38.79
-14.69 -20.23 -35.69
-7.73 -23.78 -32.59
-0.00 -25.00 -29.48
7.73 -23.78 -26.38
14.69 -20.23 -23.28
20.23 -14.69 -20.17
23.78 -7.73 -17.07
25.00 -0.00 -13.97
23.78 7.73 -10.86
20.23 14.69 -7.76
14.69 20.23 -4.66
7.73 23.78 -1.55
0.00 25.00 1.55
-7.73 23.78 4.66
-14.69 20.23 7.76
-20.23 14.69 10.86
-23.78 7.73 13.97
-25.00 0.00 17.07
-23.78 -7.73 20.17
-20.23 -14.69 23.28
-14.69 -20.23 26.38
-7.73 -23.78 29.48
-0.00 -25.00 32.59
7.73 -23.78 35.69
14.69 -20.23 38.79
20.23 -14.69 41.90
23.78 -7.73 45.00
88
0 1
1 2
2 3
3 4
4 5
5 6
6 7
7 8
8 9
9 10
10 11
11 12
12 13
13 14
14 15
15 16
16 17
17 18
18 19
19 20
20 21
21 22
22 23
23 24
24 25
25 26
26 27
27 28
28 29
30 31
31 32
32 33
33 34
34 35
35 36
36 37
37 38
38 39
39 40
40 41
41 42
42 43
43 44
44 45
45 46
46 47
47 48
48 49
49 50
50 51
51 52
52 53
53 54
54 55
55 56
56 57
57 58
58 59
0 30
1 31
2 32
3 33
4 34
5 35
6 36
7 37
8 38
9 39
10 40
11 41
12 42
13 43
14 44
15 45
16 46
17 47
18 48
19 49
20 50
21 51
22 52
23 53
24 54
25 55
26 56
27 57
28 58
29 59