MIN_X -35
MAX_X 35
MIN_Y -35
MAX_Y 35

32
10 10 10
10 10 -10
10 -10 10
10 -10 -10
-10 10 10
-10 10 -10
-10 -10 10
-10 -10 -10
0 6.18 16.18
0 6.18 -16.18
0 -6.18 16.18
0 -6.18 -16.18
6.18 16.18 0
6.18 -16.18 0
-6.18 16.18 0
-6.18 -16.18 0
16.18 0 6.18
16.18 0 -6.18
-16.18 0 6.18
-16.18 0 -6.18
0 16.18 26.18
0 16.18 -26.18
0 -16.18 26.18
0 -16.18 -26.18
16.18 26.18 0
16.18 -26.18 0
-16.18 26.18 0
-16.18 -26.18 0
26.18 0 16.18
26.18 0 -16.18
-26.18 0 16.18
-26.18 0 -16.18

60
20 0
20 4
20 8
20 12
20 14
21 1
21 5
21 9
21 12
21 14
22 2
22 6
22 10
22 13
22 15
23 3
23 7
23 11
23 13
23 15
24 0
24 1
24 12
24 16
24 17
25 2
25 3
25 13
25 16
25 17
26 4
26 5
26 14
26 18
26 19
27 6
27 7
27 15
27 18
27 19
28 0
28 2
28 8
28 10
28 16
29 1
29 3
29 9
29 11
29 17
30 4
30 6
30 8
30 10
30 18
31 5
31 7
31 9
31 11
31 19