MIN_X -140
MAX_X 140
MIN_Y -50
MAX_Y 100
225
-80.0 -80.0 1.5
-80.0 -68.6 1.7
-80.0 -57.1 2.1
-80.0 -45.7 3.0
-80.0 -34.3 3.6
-80.0 -22.9 3.9
-80.0 -11.4 3.5
-80.0 0.0 3.2
-80.0 11.4 3.5
-80.0 22.9 3.9
-80.0 34.3 3.6
-80.0 45.7 3.0
-80.0 57.1 2.1
-80.0 68.6 1.7
-80.0 80.0 1.5
-68.6 -80.0 1.9
-68.6 -68.6 2.3
-68.6 -57.1 3.0
-68.6 -45.7 4.5
-68.6 -34.3 6.3
-68.6 -22.9 7.1
-68.6 -11.4 5.7
-68.6 0.0 4.9
-68.6 11.4 5.7
-68.6 22.9 7.1
-68.6 34.3 6.3
-68.6 45.7 4.5
-68.6 57.1 3.0
-68.6 68.6 2.3
-68.6 80.0 1.9
-57.1 -80.0 2.5
-57.1 -68.6 3.3
-57.1 -57.1 4.8
-57.1 -45.7 9.0
-57.1 -34.3 15.2
-57.1 -22.9 19.0
-57.1 -11.4 12.4
-57.1 0.0 9.7
-57.1 11.4 12.4
-57.1 22.9 19.0
-57.1 34.3 15.2
-57.1 45.7 9.0
-57.1 57.1 4.8
-57.1 68.6 3.3
-57.1 80.0 2.5
-45.7 -80.0 3.5
-45.7 -68.6 5.1
-45.7 -57.1 9.2
-45.7 -45.7 25.7
-45.7 -34.3 100.0
-45.7 -22.9 100.0
-45.7 -11.4 39.1
-45.7 0.0 21.6
-45.7 11.4 39.1
-45.7 22.9 100.0
-45.7 34.3 100.0
-45.7 45.7 25.7
-45.7 57.1 9.2
-45.7 68.6 5.1
-45.7 80.0 3.5
-34.3 -80.0 3.9
-34.3 -68.6 6.3
-34.3 -57.1 15.2
-34.3 -45.7 100.0
-34.3 -34.3 100.0
-34.3 -22.9 100.0
-34.3 -11.4 100.0
-34.3 0.0 48.3
-34.3 11.4 100.0
-34.3 22.9 100.0
-34.3 34.3 100.0
-34.3 45.7 100.0
-34.3 57.1 15.2
-34.3 68.6 6.3
-34.3 80.0 3.9
-22.9 -80.0 3.7
-22.9 -68.6 6.3
-22.9 -57.1 16.9
-22.9 -45.7 100.0
-22.9 -34.3 100.0
-22.9 -22.9 100.0
-22.9 -11.4 100.0
-22.9 0.0 63.9
-22.9 11.4 100.0
-22.9 22.9 100.0
-22.9 34.3 100.0
-22.9 45.7 100.0
-22.9 57.1 16.9
-22.9 68.6 6.3
-22.9 80.0 3.7
-11.4 -80.0 3.2
-11.4 -68.6 4.9
-11.4 -57.1 10.4
-11.4 -45.7 32.1
-11.4 -34.3 100.0
-11.4 -22.9 100.0
-11.4 -11.4 100.0
-11.4 0.0 80.3
-11.4 11.4 100.0
-11.4 22.9 100.0
-11.4 34.3 100.0
-11.4 45.7 32.1
-11.4 57.1 10.4
-11.4 68.6 4.9
-11.4 80.0 3.2
0.0 -80.0 2.8
0.0 -68.6 3.9
0.0 -57.1 6.9
0.0 -45.7 14.5
0.0 -34.3 32.4
0.0 -22.9 52.3
0.0 -11.4 73.5
0.0 0.0 90.3
0.0 11.4 73.5
0.0 22.9 52.3
0.0 34.3 32.4
0.0 45.7 14.5
0.0 57.1 6.9
0.0 68.6 3.9
0.0 80.0 2.8
11.4 -80.0 2.4
11.4 -68.6 3.2
11.4 -57.1 5.5
11.4 -45.7 9.7
11.4 -34.3 17.2
11.4 -22.9 30.1
11.4 -11.4 57.1
11.4 0.0 100.0
11.4 11.4 57.1
11.4 22.9 30.1
11.4 34.3 17.2
11.4 45.7 9.7
11.4 57.1 5.5
11.4 68.6 3.2
11.4 80.0 2.4
22.9 -80.0 2.3
22.9 -68.6 2.9
22.9 -57.1 4.8
22.9 -45.7 7.9
22.9 -34.3 12.9
22.9 -22.9 25.7
22.9 -11.4 100.0
22.9 0.0 100.0
22.9 11.4 100.0
22.9 22.9 25.7
22.9 34.3 12.9
22.9 45.7 7.9
22.9 57.1 4.8
22.9 68.6 2.9
22.9 80.0 2.3
34.3 -80.0 2.3
34.3 -68.6 2.9
34.3 -57.1 4.8
34.3 -45.7 7.9
34.3 -34.3 12.9
34.3 -22.9 25.7
34.3 -11.4 100.0
34.3 0.0 100.0
34.3 11.4 100.0
34.3 22.9 25.7
34.3 34.3 12.9
34.3 45.7 7.9
34.3 57.1 4.8
34.3 68.6 2.9
34.3 80.0 2.3
45.7 -80.0 2.0
45.7 -68.6 2.5
45.7 -57.1 3.6
45.7 -45.7 5.3
45.7 -34.3 7.5
45.7 -22.9 11.0
45.7 -11.4 19.1
45.7 0.0 23.9
45.7 11.4 19.1
45.7 22.9 11.0
45.7 34.3 7.5
45.7 45.7 5.3
45.7 57.1 3.6
45.7 68.6 2.5
45.7 80.0 2.0
57.1 -80.0 1.6
57.1 -68.6 1.9
57.1 -57.1 2.4
57.1 -45.7 3.2
57.1 -34.3 4.1
57.1 -22.9 5.5
57.1 -11.4 7.5
57.1 0.0 8.5
57.1 11.4 7.5
57.1 22.9 5.5
57.1 34.3 4.1
57.1 45.7 3.2
57.1 57.1 2.4
57.1 68.6 1.9
57.1 80.0 1.6
68.6 -80.0 1.2
68.6 -68.6 1.4
68.6 -57.1 1.7
68.6 -45.7 2.1
68.6 -34.3 2.5
68.6 -22.9 3.1
68.6 -11.4 3.8
68.6 0.0 4.1
68.6 11.4 3.8
68.6 22.9 3.1
68.6 34.3 2.5
68.6 45.7 2.1
68.6 57.1 1.7
68.6 68.6 1.4
68.6 80.0 1.2
80.0 -80.0 0.9
80.0 -68.6 1.1
80.0 -57.1 1.3
80.0 -45.7 1.5
80.0 -34.3 1.7
80.0 -22.9 2.1
80.0 -11.4 2.3
80.0 0.0 2.5
80.0 11.4 2.3
80.0 22.9 2.1
80.0 34.3 1.7
80.0 45.7 1.5
80.0 57.1 1.3
80.0 68.6 1.1
80.0 80.0 0.9
420
0 1
1 2
2 3
3 4
4 5
5 6
6 7
7 8
8 9
9 10
10 11
11 12
12 13
13 14
15 16
16 17
17 18
18 19
19 20
20 21
21 22
22 23
23 24
24 25
25 26
26 27
27 28
28 29
30 31
31 32
32 33
33 34
34 35
35 36
36 37
37 38
38 39
39 40
40 41
41 42
42 43
43 44
45 46
46 47
47 48
48 49
49 50
50 51
51 52
52 53
53 54
54 55
55 56
56 57
57 58
58 59
60 61
61 62
62 63
63 64
64 65
65 66
66 67
67 68
68 69
69 70
70 71
71 72
72 73
73 74
75 76
76 77
77 78
78 79
79 80
80 81
81 82
82 83
83 84
84 85
85 86
86 87
87 88
88 89
90 91
91 92
92 93
93 94
94 95
95 96
96 97
97 98
98 99
99 100
100 101
101 102
102 103
103 104
105 106
106 107
107 108
108 109
109 110
110 111
111 112
112 113
113 114
114 115
115 116
116 117
117 118
118 119
120 121
121 122
122 123
123 124
124 125
125 126
126 127
127 128
128 129
129 130
130 131
131 132
132 133
133 134
135 136
136 137
137 138
138 139
139 140
140 141
141 142
142 143
143 144
145 146
146 147
147 148
148 149
149 150
150 151
151 152
152 153
153 154
154 155
155 156
156 157
157 158
158 159
160 161
161 162
162 163
163 164
164 165
165 166
166 167
167 168
168 169
169 170
170 171
171 172
172 173
173 174
175 176
176 177
177 178
178 179
179 180
180 181
181 182
182 183
183 184
184 185
185 186
186 187
187 188
188 189
190 191
191 192
192 193
193 194
194 195
195 196
196 197
197 198
198 199
199 200
200 201
201 202
202 203
203 204
205 206
206 207
207 208
208 209
209 210
210 211
211 212
212 213
213 214
214 215
215 216
216 217
217 218
218 219
220 221
221 222
222 223
223 224
0 15
1 16
2 17
3 18
4 19
5 20
6 21
7 22
8 23
9 24
10 25
11 26
12 27
13 28
14 29
15 30
16 31
17 32
18 33
19 34
20 35
21 36
22 37
23 38
24 39
25 40
26 41
27 42
28 43
29 44
30 45
31 46
32 47
33 48
34 49
35 50
36 51
37 52
38 53
39 54
40 55
41 56
42 57
43 58
44 59
45 60
46 61
47 62
48 63
49 64
50 65
51 66
52 67
53 68
54 69
55 70
56 71
57 72
58 73
59 74
60 75
61 76
62 77
63 78
64 79
65 80
66 81
67 82
68 83
69 84
70 85
71 86
72 87
73 88
74 89
75 90
76 91
77 92
78 93
79 94
80 95
81 96
82 97
83 98
84 99
85 100
86 101
87 102
88 103
89 104
90 105
91 106
92 107
93 108
94 109
95 110
96 111
97 112
98 113
99 114
100 115
101 116
102 117
103 118
104 119
105 120
106 121
107 122
108 123
109 124
110 125
111 126
112 127
113 128
114 129
115 130
116 131
117 132
118 133
119 134
120 135
121 136
122 137
123 138
124 139
125 140
126 141
127 142
128 143
129 144
130 145
131 146
132 147
133 148
134 149
135 150
136 151
137 152
138 153
139 154
140 155
141 156
142 157
143 158
144 159
145 160
146 161
147 162
148 163
149 164
150 165
151 166
152 167
153 168
154 169
155 170
156 171
157 172
158 173
159 174
160 175
161 176
162 177
163 178
164 179
165 180
166 181
167 182
168 183
169 184
170 185
171 186
172 187
173 188
174 189
175 190
176 191
177 192
178 193
179 194
180 195
181 196
182 197
183 198
184 199
185 200
186 201
187 202
188 203
189 204
190 205
191 206
192 207
193 208
194 209
195 210
196 211
197 212
198 213
199 214
200 215
201 216
202 217
203 218
204 219
205 220
206 221
207 222
208 223
209 224