MIN_X -2
MAX_X 2
MIN_Y -1
MAX_Y 1
576
1.25 0.0 0.0 
1.2165063619613647 0.0 0.125 
1.125 0.0 0.21650634706020355 
1.0 0.0 0.25 
0.875 0.0 0.21650634706020355 
0.7834936380386353 0.0 0.125 
0.75 0.0 3.0616171314629196e-17 
0.7834936380386353 0.0 -0.125 
0.875 0.0 -0.21650634706020355 
1.0 0.0 -0.25 
1.125 0.0 -0.21650634706020355 
1.2165063619613647 0.0 -0.125 
1.239306092262268 0.16315771639347076 0.0 
1.206099033355713 0.15878590941429138 0.125 
1.1153755187988281 0.14684194326400757 0.21650634706020355 
0.9914448857307434 0.13052617013454437 0.25 
0.8675142526626587 0.11421039700508118 0.21650634706020355 
0.7767907381057739 0.10226642340421677 0.125 
0.7435836791992188 0.09789462387561798 3.0616171314629196e-17 
0.7767907381057739 0.10226642340421677 -0.125 
0.8675142526626587 0.11421039700508118 -0.21650634706020355 
0.9914448857307434 0.13052617013454437 -0.25 
1.1153755187988281 0.14684194326400757 -0.21650634706020355 
1.206099033355713 0.15878590941429138 -0.125 
1.2074072360992432 0.32352373003959656 0.0 
1.175054907798767 0.3148549497127533 0.125 
1.0866665840148926 0.2911713719367981 0.21650634706020355 
0.9659258127212524 0.25881898403167725 0.25 
0.8451851010322571 0.2264666110277176 0.21650634706020355 
0.7567967176437378 0.2027830332517624 0.125 
0.7244443893432617 0.19411423802375793 3.0616171314629196e-17 
0.7567967176437378 0.2027830332517624 -0.125 
0.8451851010322571 0.2264666110277176 -0.21650634706020355 
0.9659258127212524 0.25881898403167725 -0.25 
1.0866665840148926 0.2911713719367981 -0.21650634706020355 
1.175054907798767 0.3148549497127533 -0.125 
1.1548494100570679 0.47835421562194824 0.0 
1.1239054203033447 0.4655367434024811 0.125 
1.0393644571304321 0.43051877617836 0.21650634706020355 
0.9238795638084412 0.3826833665370941 0.25 
0.8083946108818054 0.33484795689582825 0.21650634706020355 
0.7238537669181824 0.29982998967170715 0.125 
0.6929096579551697 0.28701251745224 3.0616171314629196e-17 
0.7238537669181824 0.29982998967170715 -0.125 
0.8083946108818054 0.33484795689582825 -0.21650634706020355 
0.9238795638084412 0.3826833665370941 -0.25 
1.0393644571304321 0.43051877617836 -0.21650634706020355 
1.1239054203033447 0.4655367434024811 -0.125 
1.0825316905975342 0.6250001192092896 0.0 
1.0535253286361694 0.6082533001899719 0.125 
0.9742785096168518 0.5625001192092896 0.21650634706020355 
0.8660253286361694 0.5000001192092896 0.25 
0.7577721476554871 0.43750011920928955 0.21650634706020355 
0.6785253286361694 0.3917469084262848 0.125 
0.6495189666748047 0.37500008940696716 3.0616171314629196e-17 
0.6785253286361694 0.3917469084262848 -0.125 
0.7577721476554871 0.43750011920928955 -0.21650634706020355 
0.8660253286361694 0.5000001192092896 -0.25 
0.9742785096168518 0.5625001192092896 -0.21650634706020355 
1.0535253286361694 0.6082533001899719 -0.125 
0.9916918277740479 0.7609516382217407 0.0 
0.965119481086731 0.7405620217323303 0.125 
0.8925226330757141 0.6848564743995667 0.21650634706020355 
0.7933534383773804 0.6087613105773926 0.25 
0.6941842436790466 0.5326661467552185 0.21650634706020355 
0.6215873956680298 0.47696059942245483 0.125 
0.5950150489807129 0.45657098293304443 3.0616171314629196e-17 
0.6215873956680298 0.47696059942245483 -0.125 
0.6941842436790466 0.5326661467552185 -0.21650634706020355 
0.7933534383773804 0.6087613105773926 -0.25 
0.8925226330757141 0.6848564743995667 -0.21650634706020355 
0.965119481086731 0.7405620217323303 -0.125 
0.8838833570480347 0.883883535861969 0.0 
0.8601998090744019 0.8601999282836914 0.125 
0.7954950332641602 0.7954951524734497 0.21650634706020355 
0.7071067094802856 0.7071068286895752 0.25 
0.6187183856964111 0.6187185049057007 0.21650634706020355 
0.5540136098861694 0.554013729095459 0.125 
0.5303300619125366 0.5303301215171814 3.0616171314629196e-17 
0.5540136098861694 0.554013729095459 -0.125 
0.6187183856964111 0.6187185049057007 -0.21650634706020355 
0.7071067094802856 0.7071068286895752 -0.25 
0.7954950332641602 0.7954951524734497 -0.21650634706020355 
0.8601998090744019 0.8601999282836914 -0.125 
0.7609519362449646 0.9916914701461792 0.0 
0.7405623197555542 0.9651192426681519 0.125 
0.6848567724227905 0.8925223350524902 0.21650634706020355 
0.6087615489959717 0.7933531999588013 0.25 
0.5326663255691528 0.6941840648651123 0.21650634706020355 
0.47696080803871155 0.6215871572494507 0.125 
0.45657116174697876 0.5950149297714233 3.0616171314629196e-17 
0.47696080803871155 0.6215871572494507 -0.125 
0.5326663255691528 0.6941840648651123 -0.21650634706020355 
0.6087615489959717 0.7933531999588013 -0.25 
0.6848567724227905 0.8925223350524902 -0.21650634706020355 
0.7405623197555542 0.9651192426681519 -0.125 
0.6249999403953552 1.0825318098068237 0.0 
0.6082531213760376 1.053525447845459 0.125 
0.5624999403953552 0.9742786288261414 0.21650634706020355 
0.4999999701976776 0.866025447845459 0.25 
0.4374999701976776 0.7577722668647766 0.21650634706020355 
0.39174678921699524 0.678525447845459 0.125 
0.3749999701976776 0.6495190858840942 3.0616171314629196e-17 
0.39174678921699524 0.678525447845459 -0.125 
0.4374999701976776 0.7577722668647766 -0.21650634706020355 
0.4999999701976776 0.866025447845459 -0.25 
0.5624999403953552 0.9742786288261414 -0.21650634706020355 
0.6082531213760376 1.053525447845459 -0.125 
0.4783545732498169 1.1548492908477783 0.0 
0.46553710103034973 1.1239051818847656 0.125 
0.43051913380622864 1.0393643379211426 0.21650634706020355 
0.382683664560318 0.9238794445991516 0.25 
0.33484819531440735 0.8083944916725159 0.21650634706020355 
0.29983022809028625 0.7238536477088928 0.125 
0.2870127558708191 0.6929095983505249 3.0616171314629196e-17 
0.29983022809028625 0.7238536477088928 -0.125 
0.33484819531440735 0.8083944916725159 -0.21650634706020355 
0.382683664560318 0.9238794445991516 -0.25 
0.43051913380622864 1.0393643379211426 -0.21650634706020355 
0.46553710103034973 1.1239051818847656 -0.125 
0.3235238492488861 1.2074072360992432 0.0 
0.31485503911972046 1.175054907798767 0.125 
0.29117146134376526 1.0866665840148926 0.21650634706020355 
0.2588190734386444 0.9659258127212524 0.25 
0.22646668553352356 0.8451851010322571 0.21650634706020355 
0.20278309285640717 0.7567967176437378 0.125 
0.1941142976284027 0.7244443893432617 3.0616171314629196e-17 
0.20278309285640717 0.7567967176437378 -0.125 
0.22646668553352356 0.8451851010322571 -0.21650634706020355 
0.2588190734386444 0.9659258127212524 -0.25 
0.29117146134376526 1.0866665840148926 -0.21650634706020355 
0.31485503911972046 1.175054907798767 -0.125 
0.16315750777721405 1.239306092262268 0.0 
0.15878571569919586 1.206099033355713 0.125 
0.14684176445007324 1.1153755187988281 0.21650634706020355 
0.13052600622177124 0.9914448857307434 0.25 
0.11421025544404984 0.8675142526626587 0.21650634706020355 
0.10226629674434662 0.7767907381057739 0.125 
0.09789450466632843 0.7435836791992188 3.0616171314629196e-17 
0.10226629674434662 0.7767907381057739 -0.125 
0.11421025544404984 0.8675142526626587 -0.21650634706020355 
0.13052600622177124 0.9914448857307434 -0.25 
0.14684176445007324 1.1153755187988281 -0.21650634706020355 
0.15878571569919586 1.206099033355713 -0.125 
9.437237480369731e-08 1.25 0.0 
9.18436739993922e-08 1.2165063619613647 0.125 
8.493513803387032e-08 1.125 0.21650634706020355 
7.549790126404332e-08 1.0 0.25 
6.606066449421633e-08 0.875 0.21650634706020355 
5.915212497598077e-08 0.7834936380386353 0.125 
5.662342772438933e-08 0.75 3.0616171314629196e-17 
5.915212497598077e-08 0.7834936380386353 -0.125 
6.606066449421633e-08 0.875 -0.21650634706020355 
7.549790126404332e-08 1.0 -0.25 
8.493513803387032e-08 1.125 -0.21650634706020355 
9.18436739993922e-08 1.2165063619613647 -0.125 
-0.16315791010856628 1.2393059730529785 0.0 
-0.1587861180305481 1.2060989141464233 0.125 
-0.1468421220779419 1.1153753995895386 0.21650634706020355 
-0.1305263340473175 0.9914448261260986 0.25 
-0.11421054601669312 0.8675142526626587 0.21650634706020355 
-0.10226655006408691 0.7767907381057739 0.125 
-0.09789475053548813 0.743583619594574 3.0616171314629196e-17 
-0.10226655006408691 0.7767907381057739 -0.125 
-0.11421054601669312 0.8675142526626587 -0.21650634706020355 
-0.1305263340473175 0.9914448261260986 -0.25 
-0.1468421220779419 1.1153753995895386 -0.21650634706020355 
-0.1587861180305481 1.2060989141464233 -0.125 
-0.3235236406326294 1.2074073553085327 0.0 
-0.31485486030578613 1.1750550270080566 0.125 
-0.29117128252983093 1.0866665840148926 0.21650634706020355 
-0.25881892442703247 0.9659258723258972 0.25 
-0.226466566324234 0.8451851606369019 0.21650634706020355 
-0.20278297364711761 0.7567967772483826 0.125 
-0.19411419332027435 0.7244443893432617 3.0616171314629196e-17 
-0.20278297364711761 0.7567967772483826 -0.125 
-0.226466566324234 0.8451851606369019 -0.21650634706020355 
-0.25881892442703247 0.9659258723258972 -0.25 
-0.29117128252983093 1.0866665840148926 -0.21650634706020355 
-0.31485486030578613 1.1750550270080566 -0.125 
-0.47835439443588257 1.1548494100570679 0.0 
-0.4655369222164154 1.1239053010940552 0.125 
-0.4305189549922943 1.0393644571304321 0.21650634706020355 
-0.38268351554870605 0.9238795042037964 0.25 
-0.3348480761051178 0.8083945512771606 0.21650634706020355 
-0.2998301088809967 0.7238537073135376 0.125 
-0.28701263666152954 0.6929095983505249 3.0616171314629196e-17 
-0.2998301088809967 0.7238537073135376 -0.125 
-0.3348480761051178 0.8083945512771606 -0.21650634706020355 
-0.38268351554870605 0.9238795042037964 -0.25 
-0.4305189549922943 1.0393644571304321 -0.21650634706020355 
-0.4655369222164154 1.1239053010940552 -0.125 
-0.6249998211860657 1.0825319290161133 0.0 
-0.608253002166748 1.0535255670547485 0.125 
-0.5624998211860657 0.9742786884307861 0.21650634706020355 
-0.49999985098838806 0.8660255074501038 0.25 
-0.43749988079071045 0.7577723264694214 0.21650634706020355 
-0.3917466998100281 0.678525447845459 0.125 
-0.37499988079071045 0.649519145488739 3.0616171314629196e-17 
-0.3917466998100281 0.678525447845459 -0.125 
-0.43749988079071045 0.7577723264694214 -0.21650634706020355 
-0.49999985098838806 0.8660255074501038 -0.25 
-0.5624998211860657 0.9742786884307861 -0.21650634706020355 
-0.608253002166748 1.0535255670547485 -0.125 
-0.7609517574310303 0.9916916489601135 0.0 
-0.7405621409416199 0.9651193618774414 0.125 
-0.6848565936088562 0.8925224542617798 0.21650634706020355 
-0.6087614297866821 0.7933533191680908 0.25 
-0.5326662659645081 0.6941841840744019 0.21650634706020355 
-0.4769607186317444 0.6215872764587402 0.125 
-0.4565710723400116 0.5950149893760681 3.0616171314629196e-17 
-0.4769607186317444 0.6215872764587402 -0.125 
-0.5326662659645081 0.6941841840744019 -0.21650634706020355 
-0.6087614297866821 0.7933533191680908 -0.25 
-0.6848565936088562 0.8925224542617798 -0.21650634706020355 
-0.7405621409416199 0.9651193618774414 -0.125 
-0.8838837146759033 0.8838832378387451 0.0 
-0.8602001070976257 0.8601996898651123 0.125 
-0.795495331287384 0.7954949140548706 0.21650634706020355 
-0.7071069478988647 0.7071065902709961 0.25 
-0.6187185645103455 0.6187182664871216 0.21650634706020355 
-0.5540137887001038 0.5540134906768799 0.125 
-0.5303301811218262 0.5303299427032471 3.0616171314629196e-17 
-0.5540137887001038 0.5540134906768799 -0.125 
-0.6187185645103455 0.6187182664871216 -0.21650634706020355 
-0.7071069478988647 0.7071065902709961 -0.25 
-0.795495331287384 0.7954949140548706 -0.21650634706020355 
-0.8602001070976257 0.8601996898651123 -0.125 
-0.9916916489601135 0.7609517574310303 0.0 
-0.9651193618774414 0.7405621409416199 0.125 
-0.8925224542617798 0.6848565936088562 0.21650634706020355 
-0.7933533191680908 0.6087614297866821 0.25 
-0.6941841840744019 0.5326662659645081 0.21650634706020355 
-0.6215872764587402 0.4769607186317444 0.125 
-0.5950149893760681 0.4565710723400116 3.0616171314629196e-17 
-0.6215872764587402 0.4769607186317444 -0.125 
-0.6941841840744019 0.5326662659645081 -0.21650634706020355 
-0.7933533191680908 0.6087614297866821 -0.25 
-0.8925224542617798 0.6848565936088562 -0.21650634706020355 
-0.9651193618774414 0.7405621409416199 -0.125 
-1.0825315713882446 0.6250002980232239 0.0 
-1.0535252094268799 0.6082534790039062 0.125 
-0.974278450012207 0.5625002384185791 0.21650634706020355 
-0.8660252690315247 0.5000002384185791 0.25 
-0.7577720880508423 0.4375002086162567 0.21650634706020355 
-0.6785252690315247 0.39174699783325195 0.125 
-0.6495189666748047 0.3750001788139343 3.0616171314629196e-17 
-0.6785252690315247 0.39174699783325195 -0.125 
-0.7577720880508423 0.4375002086162567 -0.21650634706020355 
-0.8660252690315247 0.5000002384185791 -0.25 
-0.974278450012207 0.5625002384185791 -0.21650634706020355 
-1.0535252094268799 0.6082534790039062 -0.125 
-1.1548494100570679 0.4783543646335602 0.0 
-1.1239053010940552 0.465536892414093 0.125 
-1.0393644571304321 0.4305189251899719 0.21650634706020355 
-0.9238795042037964 0.38268348574638367 0.25 
-0.8083945512771606 0.3348480463027954 0.21650634706020355 
-0.7238537073135376 0.2998300790786743 0.125 
-0.6929095983505249 0.28701260685920715 3.0616171314629196e-17 
-0.7238537073135376 0.2998300790786743 -0.125 
-0.8083945512771606 0.3348480463027954 -0.21650634706020355 
-0.9238795042037964 0.38268348574638367 -0.25 
-1.0393644571304321 0.4305189251899719 -0.21650634706020355 
-1.1239053010940552 0.465536892414093 -0.125 
-1.2074073553085327 0.3235236406326294 0.0 
-1.1750550270080566 0.31485486030578613 0.125 
-1.0866665840148926 0.29117128252983093 0.21650634706020355 
-0.9659258723258972 0.25881892442703247 0.25 
-0.8451851606369019 0.226466566324234 0.21650634706020355 
-0.7567967772483826 0.20278297364711761 0.125 
-0.7244443893432617 0.19411419332027435 3.0616171314629196e-17 
-0.7567967772483826 0.20278297364711761 -0.125 
-0.8451851606369019 0.226466566324234 -0.21650634706020355 
-0.9659258723258972 0.25881892442703247 -0.25 
-1.0866665840148926 0.29117128252983093 -0.21650634706020355 
-1.1750550270080566 0.31485486030578613 -0.125 
-1.2393059730529785 0.1631578952074051 0.0 
-1.2060989141464233 0.1587861031293869 0.125 
-1.1153753995895386 0.1468421071767807 0.21650634706020355 
-0.9914448261260986 0.1305263191461563 0.25 
-0.8675142526626587 0.11421053111553192 0.21650634706020355 
-0.7767907381057739 0.10226654261350632 0.125 
-0.743583619594574 0.09789474308490753 3.0616171314629196e-17 
-0.7767907381057739 0.10226654261350632 -0.125 
-0.8675142526626587 0.11421053111553192 -0.21650634706020355 
-0.9914448261260986 0.1305263191461563 -0.25 
-1.1153753995895386 0.1468421071767807 -0.21650634706020355 
-1.2060989141464233 0.1587861031293869 -0.125 
-1.25 1.092784742695585e-07 0.0 
-1.2165063619613647 1.0635036318262792e-07 0.125 
-1.125 9.835062542151718e-08 0.21650634706020355 
-1.0 8.742277657347586e-08 0.25 
-0.875 7.649492772543454e-08 0.21650634706020355 
-0.7834936380386353 6.84951899643238e-08 0.125 
-0.75 6.556707887739321e-08 3.0616171314629196e-17 
-0.7834936380386353 6.84951899643238e-08 -0.125 
-0.875 7.649492772543454e-08 -0.21650634706020355 
-1.0 8.742277657347586e-08 -0.25 
-1.125 9.835062542151718e-08 -0.21650634706020355 
-1.2165063619613647 1.0635036318262792e-07 -0.125 
-1.2393059730529785 -0.1631578952074051 0.0 
-1.2060989141464233 -0.1587861031293869 0.125 
-1.1153753995895386 -0.1468421071767807 0.21650634706020355 
-0.9914448261260986 -0.1305263191461563 0.25 
-0.8675142526626587 -0.11421053111553192 0.21650634706020355 
-0.7767907381057739 -0.10226654261350632 0.125 
-0.743583619594574 -0.09789474308490753 3.0616171314629196e-17 
-0.7767907381057739 -0.10226654261350632 -0.125 
-0.8675142526626587 -0.11421053111553192 -0.21650634706020355 
-0.9914448261260986 -0.1305263191461563 -0.25 
-1.1153753995895386 -0.1468421071767807 -0.21650634706020355 
-1.2060989141464233 -0.1587861031293869 -0.125 
-1.2074073553085327 -0.3235236406326294 0.0 
-1.1750550270080566 -0.31485486030578613 0.125 
-1.0866665840148926 -0.29117128252983093 0.21650634706020355 
-0.9659258723258972 -0.25881892442703247 0.25 
-0.8451851606369019 -0.226466566324234 0.21650634706020355 
-0.7567967772483826 -0.20278297364711761 0.125 
-0.7244443893432617 -0.19411419332027435 3.0616171314629196e-17 
-0.7567967772483826 -0.20278297364711761 -0.125 
-0.8451851606369019 -0.226466566324234 -0.21650634706020355 
-0.9659258723258972 -0.25881892442703247 -0.25 
-1.0866665840148926 -0.29117128252983093 -0.21650634706020355 
-1.1750550270080566 -0.31485486030578613 -0.125 
-1.154849648475647 -0.4783538281917572 0.0 
-1.1239055395126343 -0.4655363857746124 0.125 
-1.0393646955490112 -0.4305184483528137 0.21650634706020355 
-0.9238796830177307 -0.38268306851387024 0.25 
-0.808394730091095 -0.33484768867492676 0.21650634706020355 
-0.7238538265228271 -0.29982975125312805 0.125 
-0.6929097771644592 -0.2870123088359833 3.0616171314629196e-17 
-0.7238538265228271 -0.29982975125312805 -0.125 
-0.808394730091095 -0.33484768867492676 -0.21650634706020355 
-0.9238796830177307 -0.38268306851387024 -0.25 
-1.0393646955490112 -0.4305184483528137 -0.21650634706020355 
-1.1239055395126343 -0.4655363857746124 -0.125 
-1.0825319290161133 -0.6249997615814209 0.0 
-1.0535255670547485 -0.6082529425621033 0.125 
-0.9742786884307861 -0.5624998211860657 0.21650634706020355 
-0.8660255074501038 -0.4999998211860657 0.25 
-0.7577723264694214 -0.43749985098838806 0.21650634706020355 
-0.678525447845459 -0.3917466700077057 0.125 
-0.649519145488739 -0.37499988079071045 3.0616171314629196e-17 
-0.678525447845459 -0.3917466700077057 -0.125 
-0.7577723264694214 -0.43749985098838806 -0.21650634706020355 
-0.8660255074501038 -0.4999998211860657 -0.25 
-0.9742786884307861 -0.5624998211860657 -0.21650634706020355 
-1.0535255670547485 -0.6082529425621033 -0.125 
-0.9916916489601135 -0.7609517574310303 0.0 
-0.9651193618774414 -0.7405621409416199 0.125 
-0.8925224542617798 -0.6848565936088562 0.21650634706020355 
-0.7933533191680908 -0.6087614297866821 0.25 
-0.6941841840744019 -0.5326662659645081 0.21650634706020355 
-0.6215872764587402 -0.4769607186317444 0.125 
-0.5950149893760681 -0.4565710723400116 3.0616171314629196e-17 
-0.6215872764587402 -0.4769607186317444 -0.125 
-0.6941841840744019 -0.5326662659645081 -0.21650634706020355 
-0.7933533191680908 -0.6087614297866821 -0.25 
-0.8925224542617798 -0.6848565936088562 -0.21650634706020355 
-0.9651193618774414 -0.7405621409416199 -0.125 
-0.8838837146759033 -0.8838832378387451 0.0 
-0.8602001070976257 -0.8601996898651123 0.125 
-0.795495331287384 -0.7954949140548706 0.21650634706020355 
-0.7071069478988647 -0.7071065902709961 0.25 
-0.6187185645103455 -0.6187182664871216 0.21650634706020355 
-0.5540137887001038 -0.5540134906768799 0.125 
-0.5303301811218262 -0.5303299427032471 3.0616171314629196e-17 
-0.5540137887001038 -0.5540134906768799 -0.125 
-0.6187185645103455 -0.6187182664871216 -0.21650634706020355 
-0.7071069478988647 -0.7071065902709961 -0.25 
-0.795495331287384 -0.7954949140548706 -0.21650634706020355 
-0.8602001070976257 -0.8601996898651123 -0.125 
-0.7609522938728333 -0.9916912913322449 0.0 
-0.7405626773834229 -0.9651190042495728 0.125 
-0.6848570704460144 -0.8925221562385559 0.21650634706020355 
-0.6087618470191956 -0.7933530211448669 0.25 
-0.5326666235923767 -0.694183886051178 0.21650634706020355 
-0.47696104645729065 -0.6215870380401611 0.125 
-0.45657140016555786 -0.595014750957489 3.0616171314629196e-17 
-0.47696104645729065 -0.6215870380401611 -0.125 
-0.5326666235923767 -0.694183886051178 -0.21650634706020355 
-0.6087618470191956 -0.7933530211448669 -0.25 
-0.6848570704460144 -0.8925221562385559 -0.21650634706020355 
-0.7405626773834229 -0.9651190042495728 -0.125 
-0.6249998211860657 -1.0825319290161133 0.0 
-0.608253002166748 -1.0535255670547485 0.125 
-0.5624998211860657 -0.9742786884307861 0.21650634706020355 
-0.49999985098838806 -0.8660255074501038 0.25 
-0.43749988079071045 -0.7577723264694214 0.21650634706020355 
-0.3917466998100281 -0.678525447845459 0.125 
-0.37499988079071045 -0.649519145488739 3.0616171314629196e-17 
-0.3917466998100281 -0.678525447845459 -0.125 
-0.43749988079071045 -0.7577723264694214 -0.21650634706020355 
-0.49999985098838806 -0.8660255074501038 -0.25 
-0.5624998211860657 -0.9742786884307861 -0.21650634706020355 
-0.608253002166748 -1.0535255670547485 -0.125 
-0.47835439443588257 -1.1548494100570679 0.0 
-0.4655369222164154 -1.1239053010940552 0.125 
-0.4305189549922943 -1.0393644571304321 0.21650634706020355 
-0.38268351554870605 -0.9238795042037964 0.25 
-0.3348480761051178 -0.8083945512771606 0.21650634706020355 
-0.2998301088809967 -0.7238537073135376 0.125 
-0.28701263666152954 -0.6929095983505249 3.0616171314629196e-17 
-0.2998301088809967 -0.7238537073135376 -0.125 
-0.3348480761051178 -0.8083945512771606 -0.21650634706020355 
-0.38268351554870605 -0.9238795042037964 -0.25 
-0.4305189549922943 -1.0393644571304321 -0.21650634706020355 
-0.4655369222164154 -1.1239053010940552 -0.125 
-0.32352420687675476 -1.2074072360992432 0.0 
-0.3148554265499115 -1.1750547885894775 0.125 
-0.2911717891693115 -1.086666464805603 0.21650634706020355 
-0.2588193714618683 -0.9659257531166077 0.25 
-0.22646695375442505 -0.8451850414276123 0.21650634706020355 
-0.20278333127498627 -0.756796658039093 0.125 
-0.1941145360469818 -0.7244443297386169 3.0616171314629196e-17 
-0.20278333127498627 -0.756796658039093 -0.125 
-0.22646695375442505 -0.8451850414276123 -0.21650634706020355 
-0.2588193714618683 -0.9659257531166077 -0.25 
-0.2911717891693115 -1.086666464805603 -0.21650634706020355 
-0.3148554265499115 -1.1750547885894775 -0.125 
-0.16315849125385284 -1.2393059730529785 0.0 
-0.15878668427467346 -1.2060989141464233 0.125 
-0.14684264361858368 -1.1153753995895386 0.21650634706020355 
-0.13052679598331451 -0.9914447665214539 0.25 
-0.11421094834804535 -0.8675141930580139 0.21650634706020355 
-0.10226691514253616 -0.7767906785011292 0.125 
-0.09789510071277618 -0.7435835599899292 3.0616171314629196e-17 
-0.10226691514253616 -0.7767906785011292 -0.125 
-0.11421094834804535 -0.8675141930580139 -0.21650634706020355 
-0.13052679598331451 -0.9914447665214539 -0.25 
-0.14684264361858368 -1.1153753995895386 -0.21650634706020355 
-0.15878668427467346 -1.2060989141464233 -0.125 
9.437237480369731e-08 -1.25 0.0 
9.18436739993922e-08 -1.2165063619613647 0.125 
8.493513803387032e-08 -1.125 0.21650634706020355 
7.549790126404332e-08 -1.0 0.25 
6.606066449421633e-08 -0.875 0.21650634706020355 
5.915212497598077e-08 -0.7834936380386353 0.125 
5.662342772438933e-08 -0.75 3.0616171314629196e-17 
5.915212497598077e-08 -0.7834936380386353 -0.125 
6.606066449421633e-08 -0.875 -0.21650634706020355 
7.549790126404332e-08 -1.0 -0.25 
8.493513803387032e-08 -1.125 -0.21650634706020355 
9.18436739993922e-08 -1.2165063619613647 -0.125 
0.16315750777721405 -1.239306092262268 0.0 
0.15878571569919586 -1.206099033355713 0.125 
0.14684176445007324 -1.1153755187988281 0.21650634706020355 
0.13052600622177124 -0.9914448857307434 0.25 
0.11421025544404984 -0.8675142526626587 0.21650634706020355 
0.10226629674434662 -0.7767907381057739 0.125 
0.09789450466632843 -0.7435836791992188 3.0616171314629196e-17 
0.10226629674434662 -0.7767907381057739 -0.125 
0.11421025544404984 -0.8675142526626587 -0.21650634706020355 
0.13052600622177124 -0.9914448857307434 -0.25 
0.14684176445007324 -1.1153755187988281 -0.21650634706020355 
0.15878571569919586 -1.206099033355713 -0.125 
0.32352325320243835 -1.2074074745178223 0.0 
0.3148544728755951 -1.1750550270080566 0.125 
0.2911709249019623 -1.0866667032241821 0.21650634706020355 
0.2588185966014862 -0.965925931930542 0.25 
0.22646626830101013 -0.8451851606369019 0.21650634706020355 
0.20278272032737732 -0.7567968368530273 0.125 
0.19411394000053406 -0.7244444489479065 3.0616171314629196e-17 
0.20278272032737732 -0.7567968368530273 -0.125 
0.22646626830101013 -0.8451851606369019 -0.21650634706020355 
0.2588185966014862 -0.965925931930542 -0.25 
0.2911709249019623 -1.0866667032241821 -0.21650634706020355 
0.3148544728755951 -1.1750550270080566 -0.125 
0.4783545732498169 -1.1548492908477783 0.0 
0.46553710103034973 -1.1239051818847656 0.125 
0.43051913380622864 -1.0393643379211426 0.21650634706020355 
0.382683664560318 -0.9238794445991516 0.25 
0.33484819531440735 -0.8083944916725159 0.21650634706020355 
0.29983022809028625 -0.7238536477088928 0.125 
0.2870127558708191 -0.6929095983505249 3.0616171314629196e-17 
0.29983022809028625 -0.7238536477088928 -0.125 
0.33484819531440735 -0.8083944916725159 -0.21650634706020355 
0.382683664560318 -0.9238794445991516 -0.25 
0.43051913380622864 -1.0393643379211426 -0.21650634706020355 
0.46553710103034973 -1.1239051818847656 -0.125 
0.6249999403953552 -1.0825318098068237 0.0 
0.6082531213760376 -1.053525447845459 0.125 
0.5624999403953552 -0.9742786288261414 0.21650634706020355 
0.4999999701976776 -0.866025447845459 0.25 
0.4374999701976776 -0.7577722668647766 0.21650634706020355 
0.39174678921699524 -0.678525447845459 0.125 
0.3749999701976776 -0.6495190858840942 3.0616171314629196e-17 
0.39174678921699524 -0.678525447845459 -0.125 
0.4374999701976776 -0.7577722668647766 -0.21650634706020355 
0.4999999701976776 -0.866025447845459 -0.25 
0.5624999403953552 -0.9742786288261414 -0.21650634706020355 
0.6082531213760376 -1.053525447845459 -0.125 
0.7609515190124512 -0.9916918873786926 0.0 
0.740561842918396 -0.9651196002960205 0.125 
0.6848563551902771 -0.8925226926803589 0.21650634706020355 
0.608761191368103 -0.7933534979820251 0.25 
0.532666027545929 -0.6941843032836914 0.21650634706020355 
0.47696051001548767 -0.6215873956680298 0.125 
0.45657089352607727 -0.5950151085853577 3.0616171314629196e-17 
0.47696051001548767 -0.6215873956680298 -0.125 
0.532666027545929 -0.6941843032836914 -0.21650634706020355 
0.608761191368103 -0.7933534979820251 -0.25 
0.6848563551902771 -0.8925226926803589 -0.21650634706020355 
0.740561842918396 -0.9651196002960205 -0.125 
0.883882999420166 -0.8838839530944824 0.0 
0.8601994514465332 -0.8602004051208496 0.125 
0.7954947352409363 -0.7954955697059631 0.21650634706020355 
0.7071064114570618 -0.7071071863174438 0.25 
0.6187180876731873 -0.6187188029289246 0.21650634706020355 
0.5540133714675903 -0.5540139675140381 0.125 
0.5303298234939575 -0.5303304195404053 3.0616171314629196e-17 
0.5540133714675903 -0.5540139675140381 -0.125 
0.6187180876731873 -0.6187188029289246 -0.21650634706020355 
0.7071064114570618 -0.7071071863174438 -0.25 
0.7954947352409363 -0.7954955697059631 -0.21650634706020355 
0.8601994514465332 -0.8602004051208496 -0.125 
0.9916918277740479 -0.7609516382217407 0.0 
0.965119481086731 -0.7405620217323303 0.125 
0.8925226330757141 -0.6848564743995667 0.21650634706020355 
0.7933534383773804 -0.6087613105773926 0.25 
0.6941842436790466 -0.5326661467552185 0.21650634706020355 
0.6215873956680298 -0.47696059942245483 0.125 
0.5950150489807129 -0.45657098293304443 3.0616171314629196e-17 
0.6215873956680298 -0.47696059942245483 -0.125 
0.6941842436790466 -0.5326661467552185 -0.21650634706020355 
0.7933534383773804 -0.6087613105773926 -0.25 
0.8925226330757141 -0.6848564743995667 -0.21650634706020355 
0.965119481086731 -0.7405620217323303 -0.125 
1.0825316905975342 -0.6250001192092896 0.0 
1.0535253286361694 -0.6082533001899719 0.125 
0.9742785096168518 -0.5625001192092896 0.21650634706020355 
0.8660253286361694 -0.5000001192092896 0.25 
0.7577721476554871 -0.43750011920928955 0.21650634706020355 
0.6785253286361694 -0.3917469084262848 0.125 
0.6495189666748047 -0.37500008940696716 3.0616171314629196e-17 
0.6785253286361694 -0.3917469084262848 -0.125 
0.7577721476554871 -0.43750011920928955 -0.21650634706020355 
0.8660253286361694 -0.5000001192092896 -0.25 
0.9742785096168518 -0.5625001192092896 -0.21650634706020355 
1.0535253286361694 -0.6082533001899719 -0.125 
1.1548492908477783 -0.4783547520637512 0.0 
1.1239051818847656 -0.46553727984428406 0.125 
1.0393643379211426 -0.4305192828178406 0.21650634706020355 
0.9238793849945068 -0.38268381357192993 0.25 
0.8083944320678711 -0.3348483443260193 0.21650634706020355 
0.7238536477088928 -0.2998303472995758 0.125 
0.6929095387458801 -0.28701287508010864 3.0616171314629196e-17 
0.7238536477088928 -0.2998303472995758 -0.125 
0.8083944320678711 -0.3348483443260193 -0.21650634706020355 
0.9238793849945068 -0.38268381357192993 -0.25 
1.0393643379211426 -0.4305192828178406 -0.21650634706020355 
1.1239051818847656 -0.46553727984428406 -0.125 
1.2074073553085327 -0.32352346181869507 0.0 
1.1750550270080566 -0.3148546814918518 0.125 
1.0866665840148926 -0.291171133518219 0.21650634706020355 
0.9659258723258972 -0.25881877541542053 0.25 
0.8451851606369019 -0.22646643221378326 0.21650634706020355 
0.7567967772483826 -0.20278286933898926 0.125 
0.7244443893432617 -0.194114089012146 3.0616171314629196e-17 
0.7567967772483826 -0.20278286933898926 -0.125 
0.8451851606369019 -0.22646643221378326 -0.21650634706020355 
0.9659258723258972 -0.25881877541542053 -0.25 
1.0866665840148926 -0.291171133518219 -0.21650634706020355 
1.1750550270080566 -0.3148546814918518 -0.125 
1.239306092262268 -0.16315771639347076 0.0 
1.206099033355713 -0.15878590941429138 0.125 
1.1153755187988281 -0.14684194326400757 0.21650634706020355 
0.9914448857307434 -0.13052617013454437 0.25 
0.8675142526626587 -0.11421039700508118 0.21650634706020355 
0.7767907381057739 -0.10226642340421677 0.125 
0.7435836791992188 -0.09789462387561798 3.0616171314629196e-17 
0.7767907381057739 -0.10226642340421677 -0.125 
0.8675142526626587 -0.11421039700508118 -0.21650634706020355 
0.9914448857307434 -0.13052617013454437 -0.25 
1.1153755187988281 -0.14684194326400757 -0.21650634706020355 
1.206099033355713 -0.15878590941429138 -0.125 
1152
0 1 
0 12 
12 13 
1 13 
1 2 
13 14 
2 14 
2 3 
14 15 
3 15 
3 4 
15 16 
4 16 
4 5 
16 17 
5 17 
5 6 
17 18 
6 18 
6 7 
18 19 
7 19 
7 8 
19 20 
8 20 
8 9 
20 21 
9 21 
9 10 
21 22 
10 22 
10 11 
22 23 
11 23 
0 11 
12 23 
12 24 
24 25 
13 25 
25 26 
14 26 
26 27 
15 27 
27 28 
16 28 
28 29 
17 29 
29 30 
18 30 
30 31 
19 31 
31 32 
20 32 
32 33 
21 33 
33 34 
22 34 
34 35 
23 35 
24 35 
24 36 
36 37 
25 37 
37 38 
26 38 
38 39 
27 39 
39 40 
28 40 
40 41 
29 41 
41 42 
30 42 
42 43 
31 43 
43 44 
32 44 
44 45 
33 45 
45 46 
34 46 
46 47 
35 47 
36 47 
36 48 
48 49 
37 49 
49 50 
38 50 
50 51 
39 51 
51 52 
40 52 
52 53 
41 53 
53 54 
42 54 
54 55 
43 55 
55 56 
44 56 
56 57 
45 57 
57 58 
46 58 
58 59 
47 59 
48 59 
48 60 
60 61 
49 61 
61 62 
50 62 
62 63 
51 63 
63 64 
52 64 
64 65 
53 65 
65 66 
54 66 
66 67 
55 67 
67 68 
56 68 
68 69 
57 69 
69 70 
58 70 
70 71 
59 71 
60 71 
60 72 
72 73 
61 73 
73 74 
62 74 
74 75 
63 75 
75 76 
64 76 
76 77 
65 77 
77 78 
66 78 
78 79 
67 79 
79 80 
68 80 
80 81 
69 81 
81 82 
70 82 
82 83 
71 83 
72 83 
72 84 
84 85 
73 85 
85 86 
74 86 
86 87 
75 87 
87 88 
76 88 
88 89 
77 89 
89 90 
78 90 
90 91 
79 91 
91 92 
80 92 
92 93 
81 93 
93 94 
82 94 
94 95 
83 95 
84 95 
84 96 
96 97 
85 97 
97 98 
86 98 
98 99 
87 99 
99 100 
88 100 
100 101 
89 101 
101 102 
90 102 
102 103 
91 103 
103 104 
92 104 
104 105 
93 105 
105 106 
94 106 
106 107 
95 107 
96 107 
96 108 
108 109 
97 109 
109 110 
98 110 
110 111 
99 111 
111 112 
100 112 
112 113 
101 113 
113 114 
102 114 
114 115 
103 115 
115 116 
104 116 
116 117 
105 117 
117 118 
106 118 
118 119 
107 119 
108 119 
108 120 
120 121 
109 121 
121 122 
110 122 
122 123 
111 123 
123 124 
112 124 
124 125 
113 125 
125 126 
114 126 
126 127 
115 127 
127 128 
116 128 
128 129 
117 129 
129 130 
118 130 
130 131 
119 131 
120 131 
120 132 
132 133 
121 133 
133 134 
122 134 
134 135 
123 135 
135 136 
124 136 
136 137 
125 137 
137 138 
126 138 
138 139 
127 139 
139 140 
128 140 
140 141 
129 141 
141 142 
130 142 
142 143 
131 143 
132 143 
132 144 
144 145 
133 145 
145 146 
134 146 
146 147 
135 147 
147 148 
136 148 
148 149 
137 149 
149 150 
138 150 
150 151 
139 151 
151 152 
140 152 
152 153 
141 153 
153 154 
142 154 
154 155 
143 155 
144 155 
144 156 
156 157 
145 157 
157 158 
146 158 
158 159 
147 159 
159 160 
148 160 
160 161 
149 161 
161 162 
150 162 
162 163 
151 163 
163 164 
152 164 
164 165 
153 165 
165 166 
154 166 
166 167 
155 167 
156 167 
156 168 
168 169 
157 169 
169 170 
158 170 
170 171 
159 171 
171 172 
160 172 
172 173 
161 173 
173 174 
162 174 
174 175 
163 175 
175 176 
164 176 
176 177 
165 177 
177 178 
166 178 
178 179 
167 179 
168 179 
168 180 
180 181 
169 181 
181 182 
170 182 
182 183 
171 183 
183 184 
172 184 
184 185 
173 185 
185 186 
174 186 
186 187 
175 187 
187 188 
176 188 
188 189 
177 189 
189 190 
178 190 
190 191 
179 191 
180 191 
180 192 
192 193 
181 193 
193 194 
182 194 
194 195 
183 195 
195 196 
184 196 
196 197 
185 197 
197 198 
186 198 
198 199 
187 199 
199 200 
188 200 
200 201 
189 201 
201 202 
190 202 
202 203 
191 203 
192 203 
192 204 
204 205 
193 205 
205 206 
194 206 
206 207 
195 207 
207 208 
196 208 
208 209 
197 209 
209 210 
198 210 
210 211 
199 211 
211 212 
200 212 
212 213 
201 213 
213 214 
202 214 
214 215 
203 215 
204 215 
204 216 
216 217 
205 217 
217 218 
206 218 
218 219 
207 219 
219 220 
208 220 
220 221 
209 221 
221 222 
210 222 
222 223 
211 223 
223 224 
212 224 
224 225 
213 225 
225 226 
214 226 
226 227 
215 227 
216 227 
216 228 
228 229 
217 229 
229 230 
218 230 
230 231 
219 231 
231 232 
220 232 
232 233 
221 233 
233 234 
222 234 
234 235 
223 235 
235 236 
224 236 
236 237 
225 237 
237 238 
226 238 
238 239 
227 239 
228 239 
228 240 
240 241 
229 241 
241 242 
230 242 
242 243 
231 243 
243 244 
232 244 
244 245 
233 245 
245 246 
234 246 
246 247 
235 247 
247 248 
236 248 
248 249 
237 249 
249 250 
238 250 
250 251 
239 251 
240 251 
240 252 
252 253 
241 253 
253 254 
242 254 
254 255 
243 255 
255 256 
244 256 
256 257 
245 257 
257 258 
246 258 
258 259 
247 259 
259 260 
248 260 
260 261 
249 261 
261 262 
250 262 
262 263 
251 263 
252 263 
252 264 
264 265 
253 265 
265 266 
254 266 
266 267 
255 267 
267 268 
256 268 
268 269 
257 269 
269 270 
258 270 
270 271 
259 271 
271 272 
260 272 
272 273 
261 273 
273 274 
262 274 
274 275 
263 275 
264 275 
264 276 
276 277 
265 277 
277 278 
266 278 
278 279 
267 279 
279 280 
268 280 
280 281 
269 281 
281 282 
270 282 
282 283 
271 283 
283 284 
272 284 
284 285 
273 285 
285 286 
274 286 
286 287 
275 287 
276 287 
276 288 
288 289 
277 289 
289 290 
278 290 
290 291 
279 291 
291 292 
280 292 
292 293 
281 293 
293 294 
282 294 
294 295 
283 295 
295 296 
284 296 
296 297 
285 297 
297 298 
286 298 
298 299 
287 299 
288 299 
288 300 
300 301 
289 301 
301 302 
290 302 
302 303 
291 303 
303 304 
292 304 
304 305 
293 305 
305 306 
294 306 
306 307 
295 307 
307 308 
296 308 
308 309 
297 309 
309 310 
298 310 
310 311 
299 311 
300 311 
300 312 
312 313 
301 313 
313 314 
302 314 
314 315 
303 315 
315 316 
304 316 
316 317 
305 317 
317 318 
306 318 
318 319 
307 319 
319 320 
308 320 
320 321 
309 321 
321 322 
310 322 
322 323 
311 323 
312 323 
312 324 
324 325 
313 325 
325 326 
314 326 
326 327 
315 327 
327 328 
316 328 
328 329 
317 329 
329 330 
318 330 
330 331 
319 331 
331 332 
320 332 
332 333 
321 333 
333 334 
322 334 
334 335 
323 335 
324 335 
324 336 
336 337 
325 337 
337 338 
326 338 
338 339 
327 339 
339 340 
328 340 
340 341 
329 341 
341 342 
330 342 
342 343 
331 343 
343 344 
332 344 
344 345 
333 345 
345 346 
334 346 
346 347 
335 347 
336 347 
336 348 
348 349 
337 349 
349 350 
338 350 
350 351 
339 351 
351 352 
340 352 
352 353 
341 353 
353 354 
342 354 
354 355 
343 355 
355 356 
344 356 
356 357 
345 357 
357 358 
346 358 
358 359 
347 359 
348 359 
348 360 
360 361 
349 361 
361 362 
350 362 
362 363 
351 363 
363 364 
352 364 
364 365 
353 365 
365 366 
354 366 
366 367 
355 367 
367 368 
356 368 
368 369 
357 369 
369 370 
358 370 
370 371 
359 371 
360 371 
360 372 
372 373 
361 373 
373 374 
362 374 
374 375 
363 375 
375 376 
364 376 
376 377 
365 377 
377 378 
366 378 
378 379 
367 379 
379 380 
368 380 
380 381 
369 381 
381 382 
370 382 
382 383 
371 383 
372 383 
372 384 
384 385 
373 385 
385 386 
374 386 
386 387 
375 387 
387 388 
376 388 
388 389 
377 389 
389 390 
378 390 
390 391 
379 391 
391 392 
380 392 
392 393 
381 393 
393 394 
382 394 
394 395 
383 395 
384 395 
384 396 
396 397 
385 397 
397 398 
386 398 
398 399 
387 399 
399 400 
388 400 
400 401 
389 401 
401 402 
390 402 
402 403 
391 403 
403 404 
392 404 
404 405 
393 405 
405 406 
394 406 
406 407 
395 407 
396 407 
396 408 
408 409 
397 409 
409 410 
398 410 
410 411 
399 411 
411 412 
400 412 
412 413 
401 413 
413 414 
402 414 
414 415 
403 415 
415 416 
404 416 
416 417 
405 417 
417 418 
406 418 
418 419 
407 419 
408 419 
408 420 
420 421 
409 421 
421 422 
410 422 
422 423 
411 423 
423 424 
412 424 
424 425 
413 425 
425 426 
414 426 
426 427 
415 427 
427 428 
416 428 
428 429 
417 429 
429 430 
418 430 
430 431 
419 431 
420 431 
420 432 
432 433 
421 433 
433 434 
422 434 
434 435 
423 435 
435 436 
424 436 
436 437 
425 437 
437 438 
426 438 
438 439 
427 439 
439 440 
428 440 
440 441 
429 441 
441 442 
430 442 
442 443 
431 443 
432 443 
432 444 
444 445 
433 445 
445 446 
434 446 
446 447 
435 447 
447 448 
436 448 
448 449 
437 449 
449 450 
438 450 
450 451 
439 451 
451 452 
440 452 
452 453 
441 453 
453 454 
442 454 
454 455 
443 455 
444 455 
444 456 
456 457 
445 457 
457 458 
446 458 
458 459 
447 459 
459 460 
448 460 
460 461 
449 461 
461 462 
450 462 
462 463 
451 463 
463 464 
452 464 
464 465 
453 465 
465 466 
454 466 
466 467 
455 467 
456 467 
456 468 
468 469 
457 469 
469 470 
458 470 
470 471 
459 471 
471 472 
460 472 
472 473 
461 473 
473 474 
462 474 
474 475 
463 475 
475 476 
464 476 
476 477 
465 477 
477 478 
466 478 
478 479 
467 479 
468 479 
468 480 
480 481 
469 481 
481 482 
470 482 
482 483 
471 483 
483 484 
472 484 
484 485 
473 485 
485 486 
474 486 
486 487 
475 487 
487 488 
476 488 
488 489 
477 489 
489 490 
478 490 
490 491 
479 491 
480 491 
480 492 
492 493 
481 493 
493 494 
482 494 
494 495 
483 495 
495 496 
484 496 
496 497 
485 497 
497 498 
486 498 
498 499 
487 499 
499 500 
488 500 
500 501 
489 501 
501 502 
490 502 
502 503 
491 503 
492 503 
492 504 
504 505 
493 505 
505 506 
494 506 
506 507 
495 507 
507 508 
496 508 
508 509 
497 509 
509 510 
498 510 
510 511 
499 511 
511 512 
500 512 
512 513 
501 513 
513 514 
502 514 
514 515 
503 515 
504 515 
504 516 
516 517 
505 517 
517 518 
506 518 
518 519 
507 519 
519 520 
508 520 
520 521 
509 521 
521 522 
510 522 
522 523 
511 523 
523 524 
512 524 
524 525 
513 525 
525 526 
514 526 
526 527 
515 527 
516 527 
516 528 
528 529 
517 529 
529 530 
518 530 
530 531 
519 531 
531 532 
520 532 
532 533 
521 533 
533 534 
522 534 
534 535 
523 535 
535 536 
524 536 
536 537 
525 537 
537 538 
526 538 
538 539 
527 539 
528 539 
528 540 
540 541 
529 541 
541 542 
530 542 
542 543 
531 543 
543 544 
532 544 
544 545 
533 545 
545 546 
534 546 
546 547 
535 547 
547 548 
536 548 
548 549 
537 549 
549 550 
538 550 
550 551 
539 551 
540 551 
540 552 
552 553 
541 553 
553 554 
542 554 
554 555 
543 555 
555 556 
544 556 
556 557 
545 557 
557 558 
546 558 
558 559 
547 559 
559 560 
548 560 
560 561 
549 561 
561 562 
550 562 
562 563 
551 563 
552 563 
552 564 
564 565 
553 565 
565 566 
554 566 
566 567 
555 567 
567 568 
556 568 
568 569 
557 569 
569 570 
558 570 
570 571 
559 571 
571 572 
560 572 
572 573 
561 573 
573 574 
562 574 
574 575 
563 575 
564 575 
0 564 
1 565 
2 566 
3 567 
4 568 
5 569 
6 570 
7 571 
8 572 
9 573 
10 574 
11 575 
